Real mean is at 7667.248715943961
Velocity is -4157.605815667114 km/s
Results of walkers:
Real mu's: [7670.97695268 7668.49216101 7670.65504963 7660.6655381  7663.15869078
 7665.13448025 7664.52062562 7664.83428842 7664.45763537 7669.57255817
 7667.65239487 7668.12767734 7671.79262905 7668.22355285 7666.06801275
 7666.57841008 7659.63703429 7671.34215715 7671.20185263 7666.01457718
 7667.08309767 7665.97248351 7667.8794119  7668.77251597 7663.5843713
 7668.05019943 7667.92073365 7665.96191012 7667.36749184 7678.59179321
 7667.47171955 7664.19690383]
Real sigma's: [60.06333031 57.25121533 57.30588778 56.99667883 55.25562771 56.03207312
 57.63334626 56.36133844 55.83131225 57.05249703 58.46728613 58.61561843
 59.51683493 56.08940369 57.30338074 57.55366897 55.48148667 59.28495841
 58.60066403 57.26604084 56.82181002 56.59807186 58.3875337  57.59215948
 57.12633974 56.2198571  59.15406072 56.50696965 57.78343087 59.56045957
 55.90207569 54.98364511]