Real mean is at 7688.032097082105
Velocity is -3355.6747106583325 km/s
Results of walkers:
Real mu's: [7688.57822413 7689.8965173  7687.53353383 7685.64778659 7686.01005286
 7687.06290253 7690.09888229 7687.67816822 7687.07291626 7687.30935304
 7687.57726368 7686.39813133 7689.15450704 7690.88245267 7688.32459539
 7686.02271228 7688.63920495 7686.32440843 7688.17024018 7689.22217633
 7684.41920197 7687.81899499 7688.83109466 7687.37095789 7689.71970388
 7689.82216219 7689.88080309 7687.02882136 7688.7868843  7688.94044338
 7688.43134507 7688.37266449]
Real sigma's: [38.74340338 37.89739431 36.55823568 40.26501555 38.97509184 36.91402132
 38.14869193 39.1852489  37.99783184 38.73863852 38.15929795 37.48651594
 38.80929954 37.05780271 39.27293022 38.57365611 37.34108684 38.97427745
 39.71593982 38.37612662 39.53408282 38.41573312 38.30729428 37.42125946
 36.8408619  38.76983092 39.5309141  39.36049062 37.82532685 38.12014052
 36.46033267 37.05938738]