Real mean is at 7679.200722944364
Velocity is -3696.435127548644 km/s
Results of walkers:
Real mu's: [7678.15763171 7676.30085835 7677.43255435 7672.65815424 7678.22228502
 7678.18697212 7675.9904896  7677.58066927 7678.83574401 7681.18005655
 7679.22382657 7681.90242963 7679.45567081 7676.4732328  7677.99699214
 7679.91646445 7672.10940671 7679.47550539 7676.75923961 7679.5965724
 7675.46802863 7679.91046073 7679.15030193 7688.89586792 7678.91686769
 7679.10845431 7682.38838382 7683.67196831 7683.02705117 7681.64522804
 7686.71782807 7678.06793786]
Real sigma's: [66.10893593 63.74768685 63.37371015 64.49178185 65.53977545 64.35630118
 64.50740455 64.84675241 63.10518981 63.5842599  66.62385538 63.63375626
 61.77067896 65.01253743 63.39195593 64.20914635 63.63763424 65.2626752
 61.63798887 64.40569742 62.78755803 63.67597305 64.18679602 64.90010578
 64.75946955 63.23582816 62.92298966 64.82411207 65.08135584 63.66615826
 62.45086668 63.42830037]