Real mean is at 7675.426909212072
Velocity is -3842.048519148342 km/s
Results of walkers:
Real mu's: [7670.71721711 7674.38640816 7678.12812229 7672.8321051  7673.30149088
 7676.20249027 7675.47076779 7677.57854095 7678.62867385 7679.08414456
 7681.67649636 7676.23830494 7671.35799743 7675.73492477 7673.09411848
 7675.23921185 7677.49271055 7675.76568962 7670.61071537 7680.54118751
 7672.504708   7674.946417   7668.57048532 7677.58990215 7680.87104634
 7679.6529167  7674.20724487 7679.09172246 7675.04640547 7672.02322311
 7671.91176154 7673.16394398]
Real sigma's: [60.58543714 60.83874041 58.58331901 61.09680587 60.20152257 60.33868212
 61.27313716 61.57067424 59.32901395 60.76706098 60.7182737  60.8510029
 60.64396255 62.02780564 63.68983689 62.57699566 62.60568396 59.1461853
 60.52274111 60.46777523 60.35216937 61.42037822 62.81432426 59.67093365
 62.31056117 60.81765341 59.51050644 60.56668419 60.42886044 61.95602912
 58.67953432 59.88849109]