Real mean is at 7680.196816641578
Velocity is -3658.0006440548623 km/s
Results of walkers:
Real mu's: [7680.89170558 7677.62153474 7678.34884254 7682.04177649 7678.12851321
 7680.73737443 7681.089129   7682.48646127 7679.73497476 7677.83704892
 7682.94675115 7684.24782077 7677.52928313 7679.36227409 7681.08315344
 7676.91069102 7682.38066216 7680.06763867 7679.06341755 7679.20018236
 7681.16967535 7679.95984551 7676.58655754 7681.59806736 7682.21379609
 7681.80933803 7681.61538852 7681.17432273 7681.29992013 7677.75076537
 7682.15216654 7677.2590541 ]
Real sigma's: [62.91043448 63.64306433 61.63343495 62.40375629 63.41628208 64.21457922
 63.12429101 64.04184866 63.34170193 63.69039661 63.60190847 62.35916543
 63.68312119 62.61663218 62.33541679 63.15342598 63.87527561 60.93763506
 61.66222903 62.74253691 62.93719955 62.66706202 63.74732985 62.19714975
 63.3210387  64.7902375  61.97413025 63.70292761 63.79657405 62.99051246
 63.00738126 64.47648737]