Real mean is at 7680.063512926478
Velocity is -3663.144195762894 km/s
Results of walkers:
Real mu's: [7679.65471741 7683.04415825 7676.57488213 7676.27133954 7679.73239719
 7683.80102414 7682.09038902 7676.6697401  7677.99251739 7678.96005864
 7685.30660771 7673.93263404 7681.47575635 7681.35360598 7677.673524
 7679.15561105 7686.54992975 7681.19214672 7677.87167494 7678.65454789
 7679.56270048 7677.87792797 7679.01887902 7680.0455867  7680.51998595
 7677.69770929 7685.35934816 7683.4532854  7682.9944856  7678.67086636
 7682.45239895 7676.42197752]
Real sigma's: [62.02608652 61.62248515 62.88187223 63.92342941 61.62029123 61.52234892
 62.003766   61.08663124 64.39072369 62.69224958 62.37107582 64.61831791
 59.99093993 63.90779254 62.89718092 63.68580802 61.69777991 64.06859932
 60.97541687 62.70235525 62.11443926 63.52618938 60.64601497 60.06135504
 61.64316377 61.13441685 64.06613812 61.76048414 61.48959859 61.74205956
 61.90941606 62.6519171 ]