Real mean is at 7680.96144586707
Velocity is -3628.49726557928 km/s
Results of walkers:
Real mu's: [7682.49990251 7682.8582255  7679.89277041 7679.05282888 7679.93532534
 7683.22270234 7682.54660501 7685.51148829 7685.84736657 7681.37613151
 7682.65340326 7680.79442036 7684.65282294 7685.33316097 7681.40737789
 7677.04262634 7679.89934674 7681.76023863 7673.24045722 7682.93962326
 7683.72119559 7681.57699308 7675.42818578 7674.21896784 7681.96464248
 7683.32397057 7676.58339674 7686.51080044 7686.74488027 7676.33126837
 7673.21868288 7678.67645974]
Real sigma's: [60.40689497 58.79299062 61.55068913 62.22427772 62.70538103 62.46472027
 60.39517523 63.6380298  60.65328921 62.64854076 63.14101605 62.86075074
 61.87098485 62.53918437 59.52348022 60.85033704 61.92349424 63.14745365
 61.52240074 60.87439594 62.36429232 61.54997358 60.2641366  61.81412218
 60.41379922 60.6792868  61.97080456 61.15726548 60.9004731  60.8558852
 64.33644155 60.97913301]