Real mean is at 7687.16427830101
Velocity is -3389.1596797037864 km/s
Results of walkers:
Real mu's: [7688.50187472 7684.8639533  7680.07399735 7682.46789968 7689.87065106
 7687.64171288 7688.47786901 7684.35226564 7692.20608056 7685.32864757
 7687.80185213 7685.44628272 7688.77687006 7687.23375793 7699.47427651
 7687.69309719 7688.50770736 7678.5466744  7690.14100647 7685.65319847
 7682.66219598 7687.92570792 7683.00773917 7689.45946419 7689.13146939
 7690.81864031 7679.0017458  7685.1510069  7690.93105899 7686.89758847
 7683.484885   7697.72572851]
Real sigma's: [66.61653363 66.16712702 65.46126851 66.17670633 63.80770888 64.56801546
 64.78515545 68.31271653 67.92290087 64.33617596 68.22392265 64.71495554
 68.07329768 66.88104153 64.1129253  64.17817691 64.1677136  66.01286408
 69.09543818 67.39388716 66.31594987 67.07840176 62.69028488 65.49002798
 65.53593811 65.42070896 65.09750019 68.77052481 66.52055463 64.90017585
 66.38201542 65.51601675]