Real mean is at 7679.788539100351
Velocity is -3673.7541183144294 km/s
Results of walkers:
Real mu's: [7681.32516293 7679.10986308 7680.2159969  7677.40671112 7681.98695368
 7677.81524781 7681.20830996 7677.64248627 7679.32705122 7682.09292743
 7679.06544218 7680.48651849 7680.44176961 7681.36784793 7677.80399725
 7679.34804499 7682.65551697 7677.36739185 7680.84903991 7678.79673544
 7677.72826349 7679.29686594 7678.86025152 7681.47673099 7679.69378517
 7679.72592387 7679.21860657 7678.63599159 7680.04228851 7679.52521608
 7681.88410083 7680.83221163]
Real sigma's: [62.896829   62.06288167 63.56456622 63.10549067 62.75920441 61.52450439
 62.53429533 62.81748008 63.72780722 62.79486148 62.42749241 62.49697714
 63.43890998 63.09885195 62.91212012 62.95383456 62.54130162 62.18981157
 63.76614446 63.1100072  62.66702442 62.76750653 61.91036883 63.73553958
 62.58955915 62.55513386 62.31863832 63.02322954 63.59762494 63.38537488
 63.46332871 63.18222136]