Real mean is at 7680.9019138043695
Velocity is -3630.7943226609823 km/s
Results of walkers:
Real mu's: [7682.00466391 7683.06285492 7684.71150802 7683.43634996 7676.91957676
 7683.90375268 7683.59390557 7675.5048681  7678.22935772 7683.87781796
 7682.52259335 7681.34570287 7681.0351023  7679.31087538 7677.35758762
 7680.98052426 7687.79200144 7687.03366958 7674.99843784 7681.55705072
 7682.09786451 7676.86398443 7681.47568288 7680.22650984 7681.67815528
 7679.00641346 7682.6258032  7676.80749202 7675.97545246 7679.45200403
 7681.11617747 7682.35750121]
Real sigma's: [63.08806272 61.32754632 60.4396424  60.13649667 60.34333479 59.59135913
 60.25848328 59.01805781 61.36400169 59.66594813 60.34873333 58.94137969
 62.87026143 60.22064134 64.10742621 62.40427325 65.18209192 61.67238984
 62.05641956 59.80453648 59.96621676 59.30040363 62.49535323 62.70596363
 61.03988039 58.13472724 60.0288295  59.65874053 61.47471416 63.0617103
 62.79674992 62.55491747]