# NOT Spectrum, from Charlotte, reduced
3800.0000000000105,1.017046304632384e-15,1.2204555655588608e-16
3803.3832139968895,1.0577721742982755e-15,1.2693266091579305e-16
3806.76642799378,1.0656639304459004e-15,1.2787967165350805e-16
3810.1496419906703,1.0044584251795592e-15,1.205350110215471e-16
3813.53285598755,9.411623787559465e-16,1.1293948545071357e-16
3816.9160699844397,9.503428698459953e-16,1.1404114438151943e-16
3820.29928398133,1.0228332697396273e-15,1.2273999236875526e-16
3823.68249797822,1.0661537802734175e-15,1.279384536328101e-16
3827.0657119751,1.049571805169357e-15,1.2594861662032285e-16
3830.44892597199,9.984547462188384e-16,1.198145695462606e-16
3833.8321399688793,9.852146332199859e-16,1.182257559863983e-16
3837.21535396577,9.42888741462627e-16,1.1314664897551525e-16
3840.59856796265,9.485037249782289e-16,1.1382044699738747e-16
3843.9817819595396,9.392733851216687e-16,1.1271280621460024e-16
3847.3649959564295,9.448762761975683e-16,1.133851531437082e-16
3850.74820995331,9.346738581056172e-16,1.1216086297267407e-16
3854.1314239502003,9.091322169818983e-16,1.0909586603782779e-16
3857.51463794709,8.7425398424666015e-16,1.0491047810959922e-16
3860.8978519439793,9.043610504975833e-16,1.0852332605970999e-16
3864.28106594086,8.909208908294828e-16,1.0691050689953794e-16
3867.66427993775,8.995403431248847e-16,1.0794484117498616e-16
3871.04749393464,9.605313993465315e-16,1.1526376792158377e-16
3874.4307079315204,9.458469541808326e-16,1.135016345016999e-16
3877.81392192841,9.735814006477296e-16,1.1682976807772754e-16
3881.1971359253002,9.704945431116676e-16,1.1645934517340012e-16
3884.5803499221897,9.57632931264295e-16,1.1491595175171538e-16
3887.9635639190706,9.348874334104614e-16,1.1218649200925537e-16
3891.34677791596,9.911555930662299e-16,1.1893867116794758e-16
3894.7299919128495,1.0054016026745925e-15,1.2064819232095108e-16
3898.1132059097295,9.410424374795373e-16,1.1292509249754446e-16
3901.4964199066203,9.583217585880682e-16,1.1499861103056818e-16
3904.8796339035102,9.892100147119462e-16,1.1870520176543354e-16
3908.2628479003997,9.915781363916644e-16,1.1898937636699973e-16
3911.6460618972797,9.938384805005828e-16,1.1926061766006994e-16
3915.0292758941705,9.825735565045004e-16,1.1790882678054004e-16
3918.41248989106,1.0187674982100816e-15,1.2225209978520977e-16
3921.79570388795,9.991712325572094e-16,1.1990054790686513e-16
3925.17891788483,1.0162400917757694e-15,1.2194881101309233e-16
3928.5621318817207,9.719906187865319e-16,1.1663887425438382e-16
3931.94534587861,9.504618011070753e-16,1.1405541613284904e-16
3935.32855987549,9.432149277508405e-16,1.1318579133010085e-16
3938.7117738723796,9.622190296302793e-16,1.154662835556335e-16
3942.09498786927,9.643677437518011e-16,1.1572412925021614e-16
3945.4782018661604,9.761327470103807e-16,1.171359296412457e-16
3948.8614158630394,1.0118140491223047e-15,1.2141768589467657e-16
3952.24462985993,1.038244856973487e-15,1.2458938283681844e-16
3955.62784385682,1.0392766472892564e-15,1.2471319767471078e-16
3959.0110578537106,1.0407597981896577e-15,1.2489117578275892e-16
3962.3942718505896,9.827980791875086e-16,1.1793576950250102e-16
3965.77748584748,1.004670691994867e-15,1.2056048303938403e-16
3969.16069984437,1.1030897264120614e-15,1.3237076716944737e-16
3972.54391384125,1.1317437416394688e-15,1.3580924899673624e-16
3975.9271278381398,1.0724014152011496e-15,1.2868816982413794e-16
3979.3103418350297,1.0897199323793397e-15,1.3076639188552075e-16
3982.6935558319105,1.0864400539582054e-15,1.3037280647498463e-16
3986.0767698288,1.0607095211472983e-15,1.272851425376758e-16
3989.4599838256895,1.0765115688335797e-15,1.2918138826002957e-16
3992.84319782258,1.0479576076816847e-15,1.2575491292180215e-16
3996.2264118194603,1.0498113646134465e-15,1.2597736375361356e-16
3999.60962581635,1.0836692324738858e-15,1.300403078968663e-16
4002.9928398132397,1.1030983424376982e-15,1.3237180109252378e-16
4006.376053810129,1.0629849040478108e-15,1.275581884857373e-16
4009.75926780701,1.0791529526896797e-15,1.2949835432276157e-16
4013.1424818039,1.1109638532509294e-15,1.3331566239011153e-16
4016.52569580079,1.0961291077038532e-15,1.3153549292446237e-16
4019.9089097976703,1.0583318249917322e-15,1.2699981899900787e-16
4023.2921237945598,1.0832600725965806e-15,1.2999120871158967e-16
4026.67533779145,1.1035416871233933e-15,1.324250024548072e-16
4030.0585517883396,1.0334243453751398e-15,1.2401092144501677e-16
4033.4417657852205,1.0584780250049607e-15,1.2701736300059528e-16
4036.82497978211,1.0613377510014613e-15,1.2736053012017536e-16
4040.2081937790003,1.0895787861128527e-15,1.307494543335423e-16
4043.5914077758794,1.0859603838177195e-15,1.3031524605812633e-16
4046.97462177277,1.023094751196874e-15,1.2277137014362487e-16
4050.35783576966,1.0873772530582276e-15,1.304852703669873e-16
4053.74104976655,1.0547587234380156e-15,1.2657104681256187e-16
4057.1242637634296,1.0411080270161441e-15,1.249329632419373e-16
4060.5074777603204,1.027099366562733e-15,1.2325192398752797e-16
4063.89069175721,9.959132309843754e-16,1.1950958771812504e-16
4067.2739057541,1.0141683335583466e-15,1.217002000270016e-16
4070.6571197509797,1.032872794101627e-15,1.2394473529219522e-16
4074.0403337478706,1.0340232925018157e-15,1.2408279510021788e-16
4077.42354774476,1.0454133856841333e-15,1.2544960628209598e-16
4080.80676174164,1.0527409340415275e-15,1.263289120849833e-16
4084.1899757385295,1.0918876883822302e-15,1.3102652260586761e-16
4087.5731897354203,1.049941926944423e-15,1.2599303123333075e-16
4090.9564037323103,1.0604066850974046e-15,1.2724880221168854e-16
4094.33961772919,1.041766909568534e-15,1.2501202914822407e-16
4097.72283172608,1.0607485746333552e-15,1.2728982895600262e-16
4101.1060457229705,1.0753465695565166e-15,1.29041588346782e-16
4104.4892597198495,1.0752550319599706e-15,1.2903060383519647e-16
4107.87247371674,1.0495962618009965e-15,1.2595155141611958e-16
4111.255687713629,1.0279722172309296e-15,1.2335666606771156e-16
4114.63890171052,1.0776266391645262e-15,1.2931519669974314e-16
4118.0221157074,1.0601550083000043e-15,1.2721860099600052e-16
4121.405329704289,1.018192171182901e-15,1.2218306054194812e-16
4124.78854370118,1.0534506801189343e-15,1.264140816142721e-16
4128.17175769807,1.0598516251112252e-15,1.27182195013347e-16
4131.55497169495,1.0867446120546105e-15,1.3040935344655324e-16
4134.93818569184,1.0848245073762168e-15,1.30178940885146e-16
4138.32139968873,1.0572965610022435e-15,1.2687558732026922e-16
4141.704613685611,1.0861648661505765e-15,1.3033978393806918e-16
4145.0878276825,1.1033204969633644e-15,1.3239845963560372e-16
4148.47104167939,1.1184380435316688e-15,1.3421256522380026e-16
4151.8542556762795,1.1191497838510897e-15,1.3429797406213074e-16
4155.23746967316,1.051126821962375e-15,1.26135218635485e-16
4158.62068367005,1.0599554155547416e-15,1.27194649866569e-16
4162.003897666939,1.0368989145905486e-15,1.2442786975086582e-16
4165.38711166382,1.0548040407820838e-15,1.2657648489385006e-16
4168.77032566071,1.0584881235891526e-15,1.270185748306983e-16
4172.1535396576,1.0624183393145764e-15,1.2749020071774918e-16
4175.53675365449,1.0558569308121934e-15,1.267028316974632e-16
4178.91996765137,1.0289039324091592e-15,1.234684718890991e-16
4182.30318164826,1.0079479105918223e-15,1.2095374927101868e-16
4185.68639564515,1.002574234994106e-15,1.2030890819929273e-16
4189.06960964203,9.795782248966647e-16,1.1754938698759976e-16
4192.452823638921,9.84451440668783e-16,1.1813417288025395e-16
4195.83603763581,9.847388169826766e-16,1.181686580379212e-16
4199.2192516327,1.0089407851760188e-15,1.2107289422112224e-16
4202.6024656295795,1.0295494752047682e-15,1.235459370245722e-16
4205.98567962647,1.0409076064097162e-15,1.2490891276916594e-16
4209.36889362336,1.0007328971785278e-15,1.2008794766142332e-16
4212.75210762025,1.0107927468622388e-15,1.2129512962346866e-16
4216.135321617129,1.0292080724827334e-15,1.23504968697928e-16
4219.51853561402,1.0360382682490454e-15,1.2432459218988544e-16
4222.90174961091,1.062384542647301e-15,1.2748614511767611e-16
4226.28496360779,1.0509074669153803e-15,1.2610889602984563e-16
4229.66817760468,1.0397189496408317e-15,1.2476627395689979e-16
4233.051391601571,1.0815822854098672e-15,1.2978987424918406e-16
4236.43460559846,1.0755827609105694e-15,1.2906993130926834e-16
4239.81781959534,1.0904999440521859e-15,1.308599932862623e-16
4243.20103359223,1.053790094688046e-15,1.2645481136256553e-16
4246.58424758912,1.0827869393207242e-15,1.299344327184869e-16
4249.96746158601,1.0826933719007377e-15,1.299232046280885e-16
4253.35067558289,1.0820333438632143e-15,1.2984400126358571e-16
4256.733889579779,1.0925491529218952e-15,1.311058983506274e-16
4260.11710357667,1.1035897229561978e-15,1.3243076675474373e-16
4263.50031757355,1.1114494262240302e-15,1.3337393114688362e-16
4266.88353157044,1.062598920426299e-15,1.2751187045115587e-16
4270.26674556733,1.0604142918725783e-15,1.272497150247094e-16
4273.64995956421,1.0942146569072904e-15,1.3130575882887483e-16
4277.0331735611,1.1177819107759611e-15,1.3413382929311532e-16
4280.41638755799,1.0617289288876852e-15,1.2740747146652222e-16
4283.79960155488,1.0441251168393808e-15,1.252950140207257e-16
4287.1828155517605,1.0436106076214772e-15,1.2523327291457726e-16
4290.56602954865,1.0595668704821085e-15,1.2714802445785302e-16
4293.9492435455395,1.0649066222496004e-15,1.2778879466995203e-16
4297.332457542429,1.0123226373163443e-15,1.2147871647796132e-16
4300.71567153931,1.0245567498085624e-15,1.229468099770275e-16
4304.0988855362,1.0432415818490413e-15,1.2518898982188495e-16
4307.482099533089,1.0490629117787052e-15,1.2588754941344463e-16
4310.86531352998,1.022060549526738e-15,1.2264726594320857e-16
4314.24852752686,9.977862251782789e-16,1.1973434702139346e-16
4317.63174152375,1.0170081496545307e-15,1.2204097795854367e-16
4321.01495552064,1.022930084079631e-15,1.2275161008955573e-16
4324.39816951752,1.031691952031668e-15,1.2380303424380014e-16
4327.781383514411,1.0216013090085058e-15,1.2259215708102068e-16
4331.1645975113,1.0393330998034258e-15,1.247199719764111e-16
4334.54781150819,1.0201092831869987e-15,1.2241311398243985e-16
4337.9310255050705,1.012362124003908e-15,1.2148345488046896e-16
4341.31423950196,9.872233364023076e-16,1.1846680036827692e-16
4344.69745349885,1.0123827522054206e-15,1.2148593026465045e-16
4348.08066749573,1.0219561419425278e-15,1.2263473703310332e-16
4351.46388149262,9.98735387118929e-16,1.1984824645427147e-16
4354.84709548951,9.57510017577237e-16,1.1490120210926845e-16
4358.2303094864,9.639864773823587e-16,1.1567837728588304e-16
4361.613523483279,9.337096616522485e-16,1.1204515939826982e-16
4364.99673748017,9.380631653837739e-16,1.1256757984605285e-16
4368.37995147706,9.267259363291343e-16,1.1120711235949612e-16
4371.76316547394,9.15046680781538e-16,1.0980560169378457e-16
4375.14637947083,9.2623542762591e-16,1.111482513151092e-16
4378.529593467721,9.337272465522891e-16,1.120472695862747e-16
4381.91280746461,8.952452174627553e-16,1.0742942609553063e-16
4385.2960214614895,9.01649671157649e-16,1.0819796053891788e-16
4388.6792354583795,9.396554203250101e-16,1.1275865043900122e-16
4392.06244945527,8.989271213035705e-16,1.0787125455642845e-16
4395.44566345216,8.697195712762828e-16,1.0436634855315394e-16
4398.82887744904,8.848257282500889e-16,1.0617908739001066e-16
4402.212091445929,9.111155200959132e-16,1.0933386241150958e-16
4405.59530544282,9.040712498479197e-16,1.0848854998175036e-16
4408.9785194397,8.693167730159803e-16,1.0431801276191763e-16
4412.36173343659,9.279423730282674e-16,1.1135308476339208e-16
4415.74494743348,9.369853361027026e-16,1.124382403323243e-16
4419.128161430371,9.200802241203094e-16,1.1040962689443712e-16
4422.51137542725,9.314789659839997e-16,1.1177747591807997e-16
4425.89458942414,9.590125988259627e-16,1.150815118591155e-16
4429.27780342103,9.823943537070268e-16,1.178873224448432e-16
4432.66101741792,9.94937403598523e-16,1.1939248843182274e-16
4436.0442314147995,1.0047706084666978e-15,1.2057247301600373e-16
4439.42744541169,9.585887953584766e-16,1.1503065544301718e-16
4442.810659408579,9.99516948484161e-16,1.1994203381809932e-16
4446.19387340546,1.0446861090437721e-15,1.2536233308525266e-16
4449.57708740235,1.0114316805685457e-15,1.213718016682255e-16
4452.96030139924,9.826276703596259e-16,1.179153204431551e-16
4456.34351539613,1.0370285899967048e-15,1.2444343079960458e-16
4459.72672939301,9.994378380357447e-16,1.1993254056428936e-16
4463.1099433899,1.0321672608709406e-15,1.2386007130451287e-16
4466.49315738679,1.0243784135648833e-15,1.2292540962778599e-16
4469.87637138367,1.0321679941439577e-15,1.2386015929727492e-16
4473.259585380561,1.0361923105030583e-15,1.2434307726036699e-16
4476.64279937745,1.0907684444438754e-15,1.3089221333326504e-16
4480.0260133743395,1.1082437424867595e-15,1.3298924909841115e-16
4483.40922737122,1.1252138205828565e-15,1.3502565846994278e-16
4486.79244136811,1.1133847558956183e-15,1.336061707074742e-16
4490.175655365,1.1315373644588792e-15,1.357844837350655e-16
4493.558869361889,1.147972000587954e-15,1.3775664007055447e-16
4496.94208335877,1.126670908002774e-15,1.352005089603329e-16
4500.32529735566,1.1190829520859365e-15,1.3428995425031237e-16
4503.70851135255,1.1484802593159523e-15,1.3781763111791426e-16
4507.09172534943,1.1482556605792322e-15,1.3779067926950787e-16
4510.47493934632,1.1379872929704006e-15,1.3655847515644808e-16
4513.858153343211,1.2177755183704022e-15,1.4613306220444824e-16
4517.2413673401,1.1932293681834492e-15,1.431875241820139e-16
4520.62458133698,1.197016396152703e-15,1.4364196753832436e-16
4524.0077953338705,1.147930785508245e-15,1.377516942609894e-16
4527.3910093307595,1.1717465654341131e-15,1.4060958785209358e-16
4530.774223327639,1.2109724061365058e-15,1.4531668873638068e-16
4534.157437324529,1.1883296681205633e-15,1.425995601744676e-16
4537.54065132142,1.1668201955929858e-15,1.400184234711583e-16
4540.92386531831,1.2207975225257702e-15,1.464957027030924e-16
4544.30707931519,1.2265339801990483e-15,1.4718407762388579e-16
4547.690293312079,1.2072790346707959e-15,1.448734841604955e-16
4551.07350730897,1.230374397158878e-15,1.4764492765906534e-16
4554.45672130585,1.2423524670001364e-15,1.4908229604001637e-16
4557.83993530274,1.2688577135575198e-15,1.5226292562690236e-16
4561.22314929963,1.2614815448376203e-15,1.5137778538051444e-16
4564.606363296521,1.2556796223014962e-15,1.5068155467617953e-16
4567.9895772934005,1.222999893680757e-15,1.4675998724169082e-16
4571.37279129029,1.2411480404610975e-15,1.489377648553317e-16
4574.7560052871795,1.2642813574520718e-15,1.517137628942486e-16
4578.13921928407,1.2439133197687513e-15,1.4926959837225014e-16
4581.522433280949,1.2425798710726518e-15,1.4910958452871822e-16
4584.90564727784,1.2175944808023286e-15,1.4611133769627944e-16
4588.288861274729,1.2117795105680939e-15,1.4541354126817127e-16
4591.67207527161,1.2175506839681095e-15,1.4610608207617313e-16
4595.0552892685,1.195750598320244e-15,1.4349007179842927e-16
4598.43850326539,1.2185940892076095e-15,1.4623129070491314e-16
4601.82171726228,1.2302919369663774e-15,1.4763503243596528e-16
4605.20493125916,1.2071052521967174e-15,1.4485263026360608e-16
4608.58814525605,1.2401037046468133e-15,1.4881244455761758e-16
4611.97135925294,1.2442069647887161e-15,1.4930483577464593e-16
4615.3545732498205,1.2553139537869545e-15,1.5063767445443454e-16
4618.7377872467105,1.2761134940014134e-15,1.531336192801696e-16
4622.1210012435995,1.2703161714909014e-15,1.5243794057890816e-16
4625.50421524049,1.244943559010499e-15,1.4939322708125987e-16
4628.88742923737,1.2333077823450684e-15,1.479969338814082e-16
4632.27064323426,1.2271118568127694e-15,1.4725342281753232e-16
4635.65385723115,1.2404466355357956e-15,1.4885359626429548e-16
4639.03707122803,1.2270856688840393e-15,1.472502802660847e-16
4642.42028522492,1.2380703199721672e-15,1.4856843839666006e-16
4645.80349922181,1.246686640377608e-15,1.4960239684531294e-16
4649.1867132187,1.220431701727859e-15,1.4645180420734309e-16
4652.56992721558,1.2552830910487886e-15,1.5063397092585463e-16
4655.95314121247,1.243475453208734e-15,1.4921705438504807e-16
4659.336355209361,1.18848609566756e-15,1.426183314801072e-16
4662.71956920625,1.195505529307596e-15,1.4346066351691152e-16
4666.10278320313,1.2031596824563912e-15,1.4437916189476695e-16
4669.48599720002,1.1965453875850774e-15,1.4358544651020928e-16
4672.86921119691,1.1999288841525862e-15,1.4399146609831034e-16
4676.252425193789,1.1767549949644406e-15,1.4121059939573286e-16
4679.63563919068,1.1630297687414923e-15,1.3956357224897908e-16
4683.01885318757,1.195321296309212e-15,1.4343855555710544e-16
4686.40206718445,1.2028705759894985e-15,1.4434446911873982e-16
4689.78528118134,1.1714216282197669e-15,1.4057059538637202e-16
4693.16849517823,1.193119397602954e-15,1.4317432771235448e-16
4696.55170917512,1.1586450638817324e-15,1.3903740766580787e-16
4699.934923172,1.1676619962352031e-15,1.4011943954822436e-16
4703.31813716889,1.1434434532103654e-15,1.3721321438524383e-16
4706.70135116578,1.1847218349726957e-15,1.4216662019672346e-16
4710.0845651626705,1.1264532081579039e-15,1.3517438497894847e-16
4713.46777915955,1.180452401913229e-15,1.4165428822958746e-16
4716.8509931564395,1.201239260820214e-15,1.4414871129842568e-16
4720.234207153329,1.1623880534251657e-15,1.3948656641101987e-16
4723.61742115021,1.1703270386690226e-15,1.4043924464028271e-16
4727.0006351471,1.188813545048849e-15,1.4265762540586188e-16
4730.38384914399,1.1985993909762098e-15,1.4383192691714518e-16
4733.767063140879,1.1872578107012022e-15,1.4247093728414427e-16
4737.15027713776,1.1788546748770694e-15,1.4146256098524831e-16
4740.53349113465,1.1500326198146899e-15,1.3800391437776277e-16
4743.91670513154,1.1594673067364828e-15,1.3913607680837793e-16
4747.29991912843,1.1654631286728406e-15,1.3985557544074085e-16
4750.68313312531,1.1438007101328687e-15,1.3725608521594424e-16
4754.0663471222,1.1444797630646846e-15,1.3733757156776214e-16
4757.44956111909,1.1297752615694919e-15,1.35573031388339e-16
4760.83277511597,1.1503436053960482e-15,1.3804123264752579e-16
4764.21598911286,1.1303591766145534e-15,1.356431011937464e-16
4767.599203109749,1.1085315947383127e-15,1.3302379136859752e-16
4770.98241710664,1.1210849690537832e-15,1.3453019628645398e-16
4774.36563110352,1.154938845726588e-15,1.3859266148719057e-16
4777.74884510041,1.138002153028952e-15,1.3656025836347423e-16
4781.1320590973,1.1434709711909183e-15,1.372165165429102e-16
4784.51527309418,1.1502273611823527e-15,1.380272833418823e-16
4787.898487091071,1.1568217032309002e-15,1.3881860438770802e-16
4791.28170108796,1.1284252960008952e-15,1.354110355201074e-16
4794.66491508485,1.1099832933351642e-15,1.331979952002197e-16
4798.04812908173,1.1214573445872733e-15,1.345748813504728e-16
4801.431343078621,1.1175751259638133e-15,1.341090151156576e-16
4804.8145570755105,1.0993192212435124e-15,1.319183065492215e-16
4808.1977710723995,1.1095119867265635e-15,1.3314143840718762e-16
4811.580985069279,1.1609146186656656e-15,1.3930975423987987e-16
4814.96419906617,1.1175383318745214e-15,1.3410459982494256e-16
4818.34741306306,1.1127804572778148e-15,1.3353365487333776e-16
4821.730627059939,1.1078424256145901e-15,1.3294109107375082e-16
4825.11384105683,1.0817125668015598e-15,1.2980550801618717e-16
4828.49705505372,1.1115572338932786e-15,1.3338686806719344e-16
4831.88026905061,1.125488448677303e-15,1.3505861384127636e-16
4835.26348304749,1.106859009827391e-15,1.328230811792869e-16
4838.64669704438,1.082242748041376e-15,1.2986912976496512e-16
4842.02991104127,1.0746196188429507e-15,1.2895435426115407e-16
4845.413125038161,1.0813613953162615e-15,1.2976336743795138e-16
4848.79633903504,1.074096505730187e-15,1.2889158068762244e-16
4852.17955303193,1.0550991807803592e-15,1.266119016936431e-16
4855.56276702882,1.0620372618340236e-15,1.2744447142008284e-16
4858.9459810257,1.0366552525606394e-15,1.2439863030727672e-16
4862.329195022589,1.0260165243825602e-15,1.2312198292590722e-16
4865.71240901948,1.0334752009804102e-15,1.2401702411764923e-16
4869.09562301636,1.0560916075003568e-15,1.2673099290004281e-16
4872.47883701325,1.0507835921803425e-15,1.260940310616411e-16
4875.86205101014,1.0371953858013084e-15,1.24463446296157e-16
4879.245265007029,1.0208901338989297e-15,1.2250681606787157e-16
4882.62847900391,1.0313099911064606e-15,1.2375719893277528e-16
4886.0116930008,9.98969894531558e-16,1.1987638734378695e-16
4889.39490699769,9.884440885754911e-16,1.1861329062905893e-16
4892.77812099458,9.897982131330423e-16,1.1877578557596507e-16
4896.16133499146,9.97026301547026e-16,1.1964315618564313e-16
4899.5445489883505,9.682260976403792e-16,1.161871317168455e-16
4902.9277629852395,9.918395279158816e-16,1.190207433499058e-16
4906.310976982129,1.0050493476428384e-15,1.206059217171406e-16
4909.69419097901,9.961305890599221e-16,1.1953567068719064e-16
4913.0774049759,9.730381838950024e-16,1.1676458206740028e-16
4916.46061897279,9.956417025011046e-16,1.1947700430013256e-16
4919.84383296967,1.0040758456825111e-15,1.2048910148190132e-16
4923.22704696656,9.864134612316812e-16,1.1836961534780173e-16
4926.61026096345,9.803334483594482e-16,1.176400138031338e-16
4929.99347496034,9.90892908716299e-16,1.1890714904595588e-16
4933.376688957221,9.923474343048429e-16,1.1908169211658113e-16
4936.75990295411,1.0085058767508488e-15,1.2102070521010185e-16
4940.143116951,9.778368706323295e-16,1.1734042447587953e-16
4943.52633094788,9.780890251891279e-16,1.1737068302269534e-16
4946.9095449447705,9.734136478454188e-16,1.1680963774145027e-16
4950.29275894166,9.596695919399188e-16,1.1516035103279025e-16
4953.675972938549,9.282232193210025e-16,1.113867863185203e-16
4957.059186935429,9.535187853954392e-16,1.144222542474527e-16
4960.44240093232,9.727814682045712e-16,1.1673377618454854e-16
4963.82561492921,9.628074416647009e-16,1.155368929997641e-16
4967.20882892609,9.381346126185915e-16,1.1257615351423097e-16
4970.59204292298,9.52152701441881e-16,1.142583241730257e-16
4973.975256919871,9.48456683679862e-16,1.1381480204158343e-16
4977.35847091676,9.378485941547587e-16,1.1254183129857104e-16
4980.74168491364,9.470101897279857e-16,1.1364122276735828e-16
4984.12489891053,9.591164450982338e-16,1.1509397341178805e-16
4987.50811290742,9.473228225806613e-16,1.1367873870967936e-16
4990.8913269043105,9.424539325483552e-16,1.1309447190580262e-16
4994.2745409011895,9.1623209041453e-16,1.099478508497436e-16
4997.6577548980795,9.249231915220723e-16,1.1099078298264867e-16
5001.04096889497,9.556568455793466e-16,1.1467882146952159e-16
5004.42418289186,9.174761328279007e-16,1.1009713593934808e-16
5007.807396888739,9.015868634000462e-16,1.0819042360800554e-16
5011.19061088563,9.160176257445025e-16,1.099221150893403e-16
5014.57382488252,8.748021040750117e-16,1.0497625248900141e-16
5017.9570388794,8.693892733748678e-16,1.0432671280498413e-16
5021.34025287629,8.825543940896198e-16,1.0590652729075437e-16
5024.72346687318,8.866118565001469e-16,1.0639342278001762e-16
5028.10668087007,8.879773207762564e-16,1.0655727849315076e-16
5031.48989486695,8.846058252799553e-16,1.0615269903359462e-16
5034.87310886384,8.811757449022127e-16,1.0574108938826553e-16
5038.25632286073,8.859938358111356e-16,1.0631926029733627e-16
5041.6395368576095,8.775061893436787e-16,1.0530074272124143e-16
5045.0227508545,8.77266027071807e-16,1.0527192324861683e-16
5048.405964851389,8.970309378307912e-16,1.0764371253969495e-16
5051.78917884827,8.921958630517393e-16,1.0706350356620871e-16
5055.17239284516,8.849546633223495e-16,1.0619455959868194e-16
5058.55560684205,8.786420910473054e-16,1.0543705092567665e-16
5061.93882083894,8.73396592998891e-16,1.0480759115986692e-16
5065.32203483582,8.705369546878217e-16,1.044644345625386e-16
5068.70524883271,8.710642398154464e-16,1.0452770877785357e-16
5072.0884628296,8.662011201206022e-16,1.0394413441447226e-16
5075.47167682649,8.726449520180714e-16,1.0471739424216856e-16
5078.854890823371,8.906262448700451e-16,1.0687514938440541e-16
5082.23810482026,8.673250587661454e-16,1.0407900705193743e-16
5085.6213188171505,8.722558203598813e-16,1.0467069844318574e-16
5089.0045328140395,8.823928037024169e-16,1.0588713644429002e-16
5092.38774681092,8.926472564563085e-16,1.0711767077475702e-16
5095.77096080781,9.00428835452366e-16,1.0805146025428391e-16
5099.154174804699,8.896135970329082e-16,1.0675363164394897e-16
5102.537388801579,8.939708127761028e-16,1.0727649753313232e-16
5105.92060279847,9.247820284955121e-16,1.1097384341946146e-16
5109.30381679536,9.366602492553834e-16,1.12399229910646e-16
5112.68703079224,9.182866753861356e-16,1.1019440104633626e-16
5116.07024478913,9.215341847212363e-16,1.1058410216654835e-16
5119.453458786021,9.289088589243587e-16,1.1146906307092305e-16
5122.83667278291,9.439085452386814e-16,1.1326902542864177e-16
5126.21988677979,9.336420843219063e-16,1.1203705011862876e-16
5129.60310077668,9.153209838735862e-16,1.0983851806483033e-16
5132.9863147735705,9.263537311048357e-16,1.1116244773258027e-16
5136.36952877046,9.368617136460582e-16,1.1242340563752698e-16
5139.75274276734,9.065655955447566e-16,1.0878787146537079e-16
5143.135956764229,9.197331385373074e-16,1.1036797662447688e-16
5146.51917076112,9.199375750491166e-16,1.1039250900589399e-16
5149.902384758,9.240667911103304e-16,1.1088801493323965e-16
5153.28559875489,9.052258608504584e-16,1.08627103302055e-16
5156.66881275178,9.591064057888991e-16,1.150927686946679e-16
5160.05202674867,9.079821242395718e-16,1.0895785490874862e-16
5163.43524074555,8.959178326465642e-16,1.075101399175877e-16
5166.81845474244,9.217599995343388e-16,1.1061119994412065e-16
5170.20166873933,9.08878691083477e-16,1.0906544293001722e-16
5173.58488273622,9.117612542488254e-16,1.0941135050985904e-16
5176.9680967331,9.214072468169914e-16,1.1056886961803897e-16
5180.35131072999,9.333447503473467e-16,1.120013700416816e-16
5183.7345247268795,9.729519835408087e-16,1.1675423802489703e-16
5187.11773872376,9.462893039978238e-16,1.1355471647973886e-16
5190.50095272065,9.39969581324957e-16,1.1279634975899483e-16
5193.884166717539,9.523557703205502e-16,1.1428269243846603e-16
5197.26738071443,9.54311687516041e-16,1.145174025019249e-16
5200.65059471131,9.382267977748276e-16,1.125872157329793e-16
5204.0338087082,9.48188314496191e-16,1.137825977395429e-16
5207.41702270509,9.49785490336304e-16,1.1397425884035648e-16
5210.80023670197,9.607004662048258e-16,1.152840559445791e-16
5214.18345069886,9.733645746863805e-16,1.1680374896236566e-16
5217.56666469575,9.792900240868485e-16,1.1751480289042182e-16
5220.94987869264,9.560543029267655e-16,1.1472651635121187e-16
5224.3330926895205,9.730579651371638e-16,1.1676695581645965e-16
5227.71630668641,9.751914445689766e-16,1.1702297334827718e-16
5231.0995206833,9.679210456945926e-16,1.161505254833511e-16
5234.482734680179,9.680488279787891e-16,1.1616585935745468e-16
5237.86594867707,9.138594887741428e-16,1.0966313865289713e-16
5241.24916267396,9.340922305193846e-16,1.1209106766232615e-16
5244.63237667085,9.6529952389088e-16,1.1583594286690558e-16
5248.015590667729,9.620817517886631e-16,1.1544981021463958e-16
5251.39880466462,9.588114308022757e-16,1.1505737169627308e-16
5254.78201866151,9.420945396477054e-16,1.1305134475772466e-16
5258.1652326584,9.49096198577428e-16,1.1389154382929137e-16
5261.54844665528,9.527629565518217e-16,1.1433155478621861e-16
5264.931660652171,9.388096488544217e-16,1.126571578625306e-16
5268.31487464906,9.52885220614627e-16,1.1434622647375523e-16
5271.69808864594,9.66881003740861e-16,1.160257204489033e-16
5275.0813026428295,9.57671717555505e-16,1.1492060610666059e-16
5278.46451663972,9.478088138124008e-16,1.1373705765748808e-16
5281.84773063661,9.388640687532522e-16,1.1266368825039025e-16
5285.23094463349,9.438078510196485e-16,1.1325694212235781e-16
5288.614158630379,9.494491820867466e-16,1.1393390185040958e-16
5291.99737262727,9.670661111973966e-16,1.1604793334368759e-16
5295.38058662415,9.58781622924049e-16,1.1505379475088588e-16
5298.76380062104,9.471958434982118e-16,1.136635012197854e-16
5302.14701461793,9.505084203511435e-16,1.1406101044213722e-16
5305.530228614821,9.366909819482108e-16,1.124029178337853e-16
5308.91344261171,9.520314114161315e-16,1.1424376936993578e-16
5312.29665660859,9.38526308205449e-16,1.1262315698465388e-16
5315.67987060548,9.180194060074809e-16,1.101623287208977e-16
5319.0630846023705,9.4327612079378e-16,1.1319313449525359e-16
5322.4462985992495,9.58044184196509e-16,1.1496530210358108e-16
5325.82951259614,9.3941255829817e-16,1.127295069957804e-16
5329.212726593029,9.496226511784617e-16,1.139547181414154e-16
5332.59594058991,9.200391680684555e-16,1.1040470016821466e-16
5335.9791545868,9.306094342670424e-16,1.1167313211204509e-16
5339.362368583689,9.18035889446058e-16,1.1016430673352694e-16
5342.74558258058,9.227526536729318e-16,1.1073031844075181e-16
5346.12879657746,9.075614253300403e-16,1.0890737103960484e-16
5349.51201057435,9.196734755159472e-16,1.1036081706191366e-16
5352.89522457124,9.456605397288744e-16,1.1347926476746491e-16
5356.27843856812,9.344660979987799e-16,1.1213593175985357e-16
5359.661652565011,9.545212618288136e-16,1.1454255141945762e-16
5363.0448665619,9.521429982070779e-16,1.1425715978484936e-16
5366.42808055879,9.638213837830713e-16,1.1565856605396856e-16
5369.81129455567,9.398970947929194e-16,1.1278765137515033e-16
5373.19450855256,9.22542534678007e-16,1.1070510416136083e-16
5376.57772254945,9.164614168045791e-16,1.0997537001654949e-16
5379.96093654633,9.338299231413229e-16,1.1205959077695874e-16
5383.34415054322,9.378218465551829e-16,1.1253862158662194e-16
5386.72736454011,9.464052841016787e-16,1.1356863409220144e-16
5390.110578537,9.39682625132438e-16,1.1276191501589255e-16
5393.49379253389,9.333728715595203e-16,1.1200474458714243e-16
5396.87700653077,9.070194827854809e-16,1.088423379342577e-16
5400.26022052766,9.209474957363214e-16,1.1051369948835855e-16
5403.64343452455,9.092879392246383e-16,1.0911455270695659e-16
5407.02664852143,9.209802131604194e-16,1.1051762557925032e-16
5410.409862518321,9.052327888842255e-16,1.0862793466610706e-16
5413.79307651521,8.991965266689941e-16,1.0790358320027929e-16
5417.1762905120895,9.12519311378975e-16,1.09502317365477e-16
5420.559504508979,9.370934904880394e-16,1.1245121885856472e-16
5423.94271850587,9.127306536237833e-16,1.0952767843485399e-16
5427.32593250276,8.845111135911954e-16,1.0614133363094345e-16
5430.70914649964,9.125226457200496e-16,1.0950271748640594e-16
5434.092360496529,8.913187579476613e-16,1.0695825095371935e-16
5437.47557449342,9.003946956918207e-16,1.0804736348301849e-16
5440.8587884903,9.140217455885986e-16,1.0968260947063183e-16
5444.24200248719,8.998736454217023e-16,1.0798483745060426e-16
5447.62521648408,9.080571179834563e-16,1.0896685415801475e-16
5451.008430480971,9.058748182570402e-16,1.0870497819084483e-16
5454.39164447785,9.077779796498348e-16,1.0893335755798017e-16
5457.77485847474,9.278666294468579e-16,1.1134399553362293e-16
5461.15807247163,9.42355554032121e-16,1.130826664838545e-16
5464.54128646852,9.117827292673008e-16,1.0941392751207609e-16
5467.924500465399,8.909864880398425e-16,1.069183785647811e-16
5471.30771446229,8.985350132519553e-16,1.0782420159023464e-16
5474.690928459179,9.021374196769068e-16,1.0825649036122881e-16
5478.07414245606,9.272405099877724e-16,1.1126886119853268e-16
5481.45735645295,8.96542807258967e-16,1.0758513687107604e-16
5484.84057044984,8.789885376360804e-16,1.0547862451632964e-16
5488.22378444673,8.718733181552917e-16,1.04624798178635e-16
5491.60699844361,8.584027497728378e-16,1.0300832997274054e-16
5494.9902124405,8.790956284305734e-16,1.054914754116688e-16
5498.37342643739,8.577582238712058e-16,1.029309868645447e-16
5501.75664043428,8.59263678722074e-16,1.0311164144664889e-16
5505.13985443116,8.968980304834826e-16,1.0762776365801791e-16
5508.5230684280505,8.630321253797205e-16,1.0356385504556646e-16
5511.90628242494,9.011827475246766e-16,1.081419297029612e-16
5515.28949642182,8.592329940590827e-16,1.0310795928708992e-16
5518.672710418709,8.693579035426566e-16,1.0432294842511878e-16
5522.0559244156,8.906776148245466e-16,1.068813137789456e-16
5525.439138412479,8.837647281746481e-16,1.0605176738095777e-16
5528.82235240937,8.869132669903939e-16,1.0642959203884727e-16
5532.20556640626,8.847475795513465e-16,1.0616970954616158e-16
5535.588780403149,8.696063129350993e-16,1.0435275755221191e-16
5538.971994400029,8.649510330258804e-16,1.0379412396310565e-16
5542.35520839692,8.804639953872824e-16,1.0565567944647388e-16
5545.73842239381,8.773521985604135e-16,1.0528226382724962e-16
5549.1216363907,8.82243941400538e-16,1.0586927296806456e-16
5552.50485038758,8.699988870008546e-16,1.0439986644010255e-16
5555.88806438447,8.665677523257139e-16,1.0398813027908567e-16
5559.2712783813595,8.663534467136941e-16,1.0396241360564329e-16
5562.654492378249,8.69146021915641e-16,1.0429752262987692e-16
5566.037706375129,8.827240261155602e-16,1.0592688313386722e-16
5569.42092037202,8.723465221514919e-16,1.0468158265817903e-16
5572.80413436891,8.625978272608418e-16,1.03511739271301e-16
5576.18734836579,8.585940497737358e-16,1.030312859728483e-16
5579.570562362679,8.265581583488518e-16,9.918697900186221e-17
5582.95377635957,8.261020611457286e-16,9.913224733748743e-17
5586.33699035646,8.544699890108327e-16,1.0253639868129992e-16
5589.72020435334,8.673451079981924e-16,1.0408141295978308e-16
5593.10341835023,8.731993000290274e-16,1.0478391600348328e-16
5596.486632347121,8.509976961732379e-16,1.0211972354078854e-16
5599.8698463440005,8.386216198038503e-16,1.0063459437646204e-16
5603.2530603408895,8.44013569343483e-16,1.0128162832121795e-16
5606.6362743377795,8.527302631465941e-16,1.0232763157759129e-16
5610.01948833466,8.522867469964185e-16,1.0227440963957022e-16
5613.40270233155,8.482606306798167e-16,1.0179127568157801e-16
5616.78591632844,8.582598231528991e-16,1.0299117877834788e-16
5620.169130325329,8.358411008648768e-16,1.0030093210378521e-16
5623.552344322211,8.489553592250633e-16,1.0187464310700759e-16
5626.9355583191,8.31137777851781e-16,9.973653334221372e-17
5630.31877231599,8.211348132594817e-16,9.85361775911378e-17
5633.70198631288,8.307778252073435e-16,9.969333902488121e-17
5637.085200309761,8.554583055465683e-16,1.026549966655882e-16
5640.468414306651,8.339792191916477e-16,1.0007750630299772e-16
5643.85162830354,8.031939287354677e-16,9.638327144825612e-17
5647.23484230043,8.190298348644286e-16,9.828358018373142e-17
5650.6180562973095,8.4483214419896645e-16,1.0137985730387597e-16
5654.0012702942,8.288224869996307e-16,9.945869843995568e-17
5657.38448429109,8.375913821236735e-16,1.0051096585484082e-16
5660.76769828797,8.137059263821458e-16,9.764471116585749e-17
5664.150912284859,8.008165379784137e-16,9.609798455740964e-17
5667.53412628175,8.097956050761579e-16,9.717547260913894e-17
5670.91734027864,8.083576222262778e-16,9.700291466715333e-17
5674.30055427552,8.115365537028339e-16,9.738438644434007e-17
5677.68376827241,8.110987941323264e-16,9.733185529587916e-17
5681.066982269301,8.260463563089262e-16,9.912556275707114e-17
5684.450196266179,8.255938140356202e-16,9.907125768427442e-17
5687.83341026307,8.129583482890232e-16,9.755500179468278e-17
5691.21662425996,8.168449171469677e-16,9.802139005763612e-17
5694.5998382568505,7.930866637311088e-16,9.517039964773306e-17
5697.9830522537295,7.9765414420629095e-16,9.571849730475491e-17
5701.36626625062,8.112884460534748e-16,9.735461352641698e-17
5704.749480247509,7.964958071805286e-16,9.557949686166343e-17
5708.132694244389,7.824562568609479e-16,9.389475082331374e-17
5711.515908241279,8.070271849916696e-16,9.684326219900034e-17
5714.89912223817,8.066035089482475e-16,9.67924210737897e-17
5718.28233623506,8.037818841434153e-16,9.645382609720983e-17
5721.665550231949,7.851246235151941e-16,9.421495482182328e-17
5725.048764228829,7.805127095448563e-16,9.366152514538275e-17
5728.43197822572,7.924727890959066e-16,9.509673469150878e-17
5731.81519222261,7.888274167506481e-16,9.465929001007777e-17
5735.19840621949,8.024567791617378e-16,9.629481349940853e-17
5738.58162021638,7.703906821049536e-16,9.244688185259443e-17
5741.9648342132705,7.66260828730769e-16,9.195129944769227e-17
5745.34804821015,7.879021318695229e-16,9.454825582434274e-17
5748.731262207039,8.120333416477322e-16,9.744400099772786e-17
5752.114476203929,8.005877557983047e-16,9.607053069579656e-17
5755.49769020082,7.947629427116536e-16,9.537155312539844e-17
5758.8809041977,7.7899929669776915e-16,9.347991560373229e-17
5762.26411819459,7.708141770905856e-16,9.249770125087027e-17
5765.647332191479,7.677978159573568e-16,9.213573791488281e-17
5769.03054618837,7.621203554794198e-16,9.145444265753038e-17
5772.41376018525,7.677858287482336e-16,9.213429944978803e-17
5775.79697418214,7.736229288025178e-16,9.283475145630213e-17
5779.18018817903,7.564553693968187e-16,9.077464432761825e-17
5782.563402175911,7.58880898822901e-16,9.106570785874811e-17
5785.9466161728005,7.624989511586007e-16,9.149987413903207e-17
5789.32983016969,7.488754649818063e-16,8.986505579781675e-17
5792.7130441665695,7.591847924422837e-16,9.110217509307404e-17
5796.09625816346,7.562152382405289e-16,9.074582858886347e-17
5799.47947216035,7.575469528910486e-16,9.090563434692583e-17
5802.86268615724,7.542863189640348e-16,9.051435827568417e-17
5806.24590015412,7.613673384133618e-16,9.136408060960341e-17
5809.629114151011,7.486800006715688e-16,8.984160008058825e-17
5813.0123281479,7.554004646502807e-16,9.064805575803368e-17
5816.39554214479,7.600717263791631e-16,9.120860716549957e-17
5819.77875614167,7.603159510420722e-16,9.123791412504866e-17
5823.16197013856,7.53810974790803e-16,9.045731697489636e-17
5826.545184135451,7.493649986718127e-16,8.992379984061753e-17
5829.928398132329,7.730577987508037e-16,9.276693585009644e-17
5833.31161212922,7.80228389619168e-16,9.362740675430016e-17
5836.69482612611,7.768947747496396e-16,9.322737296995675e-17
5840.078040123,7.757011967654824e-16,9.308414361185788e-17
5843.461254119879,7.528082060802344e-16,9.033698472962812e-17
5846.84446811677,7.530896303017929e-16,9.037075563621514e-17
5850.227682113659,7.669365816919872e-16,9.203238980303847e-17
5853.61089611055,7.544461782486203e-16,9.053354138983443e-17
5856.994110107429,7.61288900624224e-16,9.135466807490688e-17
5860.37732410432,7.761815887579138e-16,9.314179065094965e-17
5863.76053810121,7.49482923079658e-16,8.993795076955896e-17
5867.14375209809,7.304890316133067e-16,8.76586837935968e-17
5870.526966094979,7.444445940056486e-16,8.933335128067783e-17
5873.91018009187,7.461700751921654e-16,8.954040902305984e-17
5877.29339408875,7.070381455867792e-16,8.48445774704135e-17
5880.67660808564,7.032300387329199e-16,8.438760464795039e-17
5884.0598220825295,6.941927029248467e-16,8.33031243509816e-17
5887.44303607942,7.015674342199242e-16,8.41880921063909e-17
5890.8262500763,7.225504163879772e-16,8.670604996655726e-17
5894.209464073189,7.2151029483609335e-16,8.65812353803312e-17
5897.592678070079,7.392607500891739e-16,8.871129001070087e-17
5900.97589206697,7.341414624786684e-16,8.80969754974402e-17
5904.35910606385,7.361383256913476e-16,8.833659908296171e-17
5907.74232006074,7.368837632652844e-16,8.842605159183412e-17
5911.125534057629,7.450818110522839e-16,8.940981732627406e-17
5914.50874805452,7.336050157806055e-16,8.803260189367266e-17
5917.8919620514,7.081151772456994e-16,8.497382126948392e-17
5921.27517604829,7.143024130798644e-16,8.571628956958373e-17
5924.65839004518,7.255832480794018e-16,8.706998976952821e-17
5928.0416040420605,7.25112661973376e-16,8.701351943680511e-17
5931.42481803895,7.011950134131039e-16,8.414340160957247e-17
5934.8080320358395,7.182067680447227e-16,8.618481216536673e-17
5938.191246032729,7.035571218140048e-16,8.442685461768058e-17
5941.57446002961,6.846708108174451e-16,8.21604972980934e-17
5944.9576740265,6.945823638065407e-16,8.334988365678489e-17
5948.34088802339,6.952769109411419e-16,8.343322931293703e-17
5951.724102020279,6.884876784513464e-16,8.261852141416157e-17
5955.107316017161,6.703291860167565e-16,8.043950232201078e-17
5958.49053001405,7.02619724633045e-16,8.431436695596539e-17
5961.87374401094,7.029492779697095e-16,8.435391335636514e-17
5965.25695800782,6.814092591818216e-16,8.176911110181859e-17
5968.640172004711,7.062950760986138e-16,8.475540913183366e-17
5972.023386001601,7.0308859599453835e-16,8.43706315193446e-17
5975.4065999984805,7.094329892633446e-16,8.513195871160134e-17
5978.7898139953695,6.94224630642202e-16,8.330695567706424e-17
5982.17302799226,6.965071524665208e-16,8.35808582959825e-17
5985.55624198915,6.989405153078733e-16,8.387286183694479e-17
5988.93945598604,6.792292810236832e-16,8.150751372284198e-17
5992.32266998292,6.660912547484275e-16,7.99309505698113e-17
5995.705883979809,6.785098252588157e-16,8.142117903105787e-17
5999.0890979767,6.913765472173421e-16,8.296518566608105e-17
6002.472311973579,6.849478884068832e-16,8.219374660882598e-17
6005.85552597047,6.804468980920586e-16,8.165362777104703e-17
6009.23873996736,6.905947505808028e-16,8.287137006969633e-17
6012.62195396424,6.838749941620498e-16,8.206499929944597e-17
6016.005167961129,6.520231585517108e-16,7.824277902620528e-17
6019.38838195802,6.625555131486545e-16,7.950666157783853e-17
6022.77159595491,6.905767718481867e-16,8.28692126217824e-17
6026.1548099517895,6.715214977678022e-16,8.058257973213626e-17
6029.538023948679,6.665501318683542e-16,7.99860158242025e-17
6032.92123794557,6.729208527493517e-16,8.07505023299222e-17
6036.30445194245,6.516096200941824e-16,7.819315441130189e-17
6039.687665939339,6.680053224977421e-16,8.016063869972905e-17
6043.070879936229,6.869669077402703e-16,8.243602892883244e-17
6046.45409393312,6.701941063089135e-16,8.042329275706962e-17
6049.83730793,6.597740521978565e-16,7.917288626374278e-17
6053.22052192689,6.687238559908945e-16,8.024686271890734e-17
6056.603735923779,6.512693315270698e-16,7.815231978324837e-17
6059.98694992067,6.540258037731609e-16,7.848309645277931e-17
6063.37016391755,6.704782279392444e-16,8.045738735270932e-17
6066.75337791444,6.735770475147517e-16,8.08292457017702e-17
6070.13659191133,6.857681344562924e-16,8.229217613475508e-17
6073.51980590821,6.829164899474769e-16,8.194997879369722e-17
6076.9030199051,6.802491246511813e-16,8.162989495814176e-17
6080.286233901989,6.804691617005921e-16,8.165629940407105e-17
6083.669447898879,6.893970732185597e-16,8.272764878622716e-17
6087.05266189576,6.878442105862367e-16,8.25413052703484e-17
6090.43587589265,6.905823441196129e-16,8.286988129435354e-17
6093.81908988954,6.956252176264847e-16,8.347502611517816e-17
6097.202303886429,6.861233989628755e-16,8.233480787554506e-17
6100.585517883311,6.926881805159423e-16,8.312258166191308e-17
6103.9687318802,6.950353001852281e-16,8.340423602222737e-17
6107.35194587709,6.868995727028353e-16,8.242794872434023e-17
6110.73515987397,6.760792055056665e-16,8.112950466067998e-17
6114.1183738708605,6.844803130286251e-16,8.213763756343501e-17
6117.5015878677505,6.684705654424583e-16,8.021646785309499e-17
6120.8848018646395,6.547023944202944e-16,7.856428733043532e-17
6124.268015861519,6.369138383696531e-16,7.642966060435837e-17
6127.65122985841,6.428493009595358e-16,7.71419161151443e-17
6131.0344438553,6.402770015549465e-16,7.683324018659358e-17
6134.41765785219,6.422222373759439e-16,7.706666848511327e-17
6137.80087184907,6.398389899234997e-16,7.678067879081995e-17
6141.184085845961,6.363073664968874e-16,7.635688397962648e-17
6144.56729984285,6.312050688083538e-16,7.574460825700244e-17
6147.95051383973,6.465163955408723e-16,7.758196746490467e-17
6151.33372783662,6.294276718046208e-16,7.553132061655449e-17
6154.716941833511,6.144005772571029e-16,7.372806927085235e-17
6158.100155830401,6.428253325968047e-16,7.713903991161656e-17
6161.4833698272805,6.377554155080122e-16,7.653064986096146e-17
6164.8665838241695,6.204233768548984e-16,7.44508052225878e-17
6168.2497978210595,6.323813105766884e-16,7.588575726920261e-17
6171.633011817939,6.380762323246006e-16,7.656914787895208e-17
6175.016225814829,6.189268548063907e-16,7.427122257676689e-17
6178.39943981172,6.13148765337651e-16,7.357785184051812e-17
6181.782653808609,6.209080827110542e-16,7.45089699253265e-17
6185.165867805489,6.188041661785835e-16,7.425649994143001e-17
6188.549081802379,6.040823937324405e-16,7.248988724789285e-17
6191.93229579927,5.887893032382401e-16,7.065471638858881e-17
6195.31550979615,5.844648191452917e-16,7.013577829743501e-17
6198.69872379304,5.916974544448178e-16,7.100369453337813e-17
6202.081937789929,5.852049192265064e-16,7.022459030718077e-17
6205.46515178682,5.864061824764482e-16,7.036874189717377e-17
6208.8483657837,5.852081477983296e-16,7.022497773579955e-17
6212.2315797805895,5.939423084594746e-16,7.127307701513695e-17
6215.6147937774795,5.78633677394541e-16,6.943604128734491e-17
6218.99800777437,5.789866176878889e-16,6.947839412254666e-17
6222.38122177125,5.734000361275745e-16,6.880800433530894e-17
6225.764435768139,5.621240571722152e-16,6.745488686066582e-17
6229.147649765029,5.763681801736979e-16,6.916418162084374e-17
6232.53086376191,5.597698562547083e-16,6.7172382750565e-17
6235.9140777588,5.34189906722693e-16,6.410278880672315e-17
6239.29729175569,5.43657331800841e-16,6.523887981610091e-17
6242.680505752579,5.546159431730869e-16,6.655391318077042e-17
6246.063719749461,5.6128337686093e-16,6.735400522331159e-17
6249.44693374635,5.432254271989925e-16,6.518705126387909e-17
6252.83014774324,5.518583593885975e-16,6.622300312663169e-17
6256.2133617401205,5.490513186156233e-16,6.58861582338748e-17
6259.59657573701,5.372371028851812e-16,6.446845234622175e-17
6262.9797897339,5.499271857206962e-16,6.599126228648354e-17
6266.363003730789,5.364654785667415e-16,6.437585742800898e-17
6269.746217727671,5.09631841365882e-16,6.115582096390584e-17
6273.12943172456,5.092874966340184e-16,6.11144995960822e-17
6276.51264572145,5.155138587462671e-16,6.186166304955204e-17
6279.89585971833,5.213396889621559e-16,6.256076267545871e-17
6283.27907371522,5.224178941851286e-16,6.269014730221543e-17
6286.662287712111,5.411139946167513e-16,6.493367935401015e-17
6290.045501709,5.590856977414241e-16,6.70902837289709e-17
6293.42871570588,5.414542338154471e-16,6.497450805785365e-17
6296.81192970277,5.428987121989456e-16,6.514784546387346e-17
6300.195143699661,5.445725940565863e-16,6.534871128679035e-17
6303.57835769654,5.41978479685778e-16,6.503741756229336e-17
6306.96157169343,5.455647936379083e-16,6.5467775236549e-17
6310.344785690319,5.338682386475875e-16,6.406418863771049e-17
6313.72799968721,5.426785913249197e-16,6.512143095899037e-17
6317.111213684089,5.579176059218299e-16,6.695011271061958e-17
6320.49442768098,5.645706073989706e-16,6.774847288787647e-17
6323.87764167787,5.606854112643915e-16,6.728224935172697e-17
6327.260855674761,5.5497909811917245e-16,6.659749177430069e-17
6330.644069671639,5.691161052621e-16,6.8293932631452e-17
6334.02728366853,5.577777893436798e-16,6.693333472124158e-17
6337.41049766542,5.591603253304126e-16,6.709923903964951e-17
6340.7937116623,5.711224644332482e-16,6.853469573198977e-17
6344.17692565919,5.646129541719128e-16,6.775355450062953e-17
6347.560139656079,5.797438931379222e-16,6.956926717655066e-17
6350.94335365297,5.830123536130174e-16,6.996148243356208e-17
6354.3265676498495,5.605984208951682e-16,6.727181050742017e-17
6357.709781646739,5.676359962351567e-16,6.81163195482188e-17
6361.092995643629,5.680442152094915e-16,6.816530582513897e-17
6364.47620964051,5.548893826785452e-16,6.658672592142542e-17
6367.8594236374,5.446992170471878e-16,6.536390604566253e-17
6371.242637634289,5.499504950494118e-16,6.599405940592941e-17
6374.625851631179,5.458330772527457e-16,6.549996927032948e-17
6378.00906562806,5.54101937068437e-16,6.649223244821244e-17
6381.39227962495,5.347931801651541e-16,6.417518161981849e-17
6384.77549362184,5.348538255444555e-16,6.418245906533466e-17
6388.158707618721,5.376173267824811e-16,6.451407921389773e-17
6391.541921615611,5.379884944336854e-16,6.455861933204224e-17
6394.9251356125,5.53063883431038e-16,6.636766601172456e-17
6398.30834960939,5.439642136331239e-16,6.527570563597487e-17
6401.69156360627,5.207417291622011e-16,6.248900749946413e-17
6405.07477760316,5.302103670490272e-16,6.362524404588325e-17
6408.45799160005,5.378412543885527e-16,6.454095052662632e-17
6411.84120559693,5.270818533655929e-16,6.324982240387114e-17
6415.224419593821,5.131987021577055e-16,6.158384425892466e-17
6418.60763359071,5.063832515899817e-16,6.07659901907978e-17
6421.9908475876,5.183814620126031e-16,6.220577544151237e-17
6425.37406158448,5.136801765508381e-16,6.164162118610057e-17
6428.757275581371,4.940109191507804e-16,5.928131029809365e-17
6432.140489578261,4.940581136838757e-16,5.928697364206508e-17
6435.52370357515,5.08328185250757e-16,6.099938223009084e-17
6438.90691757203,5.085464761018758e-16,6.102557713222509e-17
6442.2901315689205,5.036862169736531e-16,6.044234603683837e-17
6445.67334556581,4.954313161185356e-16,5.945175793422427e-17
6449.05655956269,5.059072540382137e-16,6.070887048458564e-17
6452.43977355958,4.971498674910594e-16,5.965798409892712e-17
6455.822987556469,4.849983611874577e-16,5.819980334249493e-17
6459.20620155336,4.99592399238188e-16,5.995108790858256e-17
6462.589415550239,5.053956999169163e-16,6.064748399002994e-17
6465.97262954713,4.89682780516306e-16,5.876193366195672e-17
6469.35584354402,4.942559294211127e-16,5.931071153053352e-17
6472.7390575409,5.054182688225269e-16,6.065019225870323e-17
6476.122271537789,4.99062607124069e-16,5.988751285488828e-17
6479.50548553468,5.127140277895074e-16,6.152568333474088e-17
6482.88869953157,4.981292551983157e-16,5.977551062379788e-17
6486.27191352845,4.866942579205504e-16,5.840331095046604e-17
6489.65512752534,5.317221658695878e-16,6.380665990435053e-17
6493.03834152223,5.12519006881422e-16,6.150228082577063e-17
6496.4215555191195,5.142457205790166e-16,6.170948646948199e-17
6499.804769515999,5.226756234973526e-16,6.272107481968231e-17
6503.187983512889,5.109686823628548e-16,6.131624188354258e-17
6506.57119750978,5.169013655347335e-16,6.202816386416802e-17
6509.95441150667,5.249559355884141e-16,6.299471227060969e-17
6513.33762550355,5.222607739038353e-16,6.267129286846023e-17
6516.720839500439,5.301325696593603e-16,6.361590835912324e-17
6520.104053497329,5.33231491521255e-16,6.39877789825506e-17
6523.48726749421,5.449453298813029e-16,6.539343958575634e-17
6526.8704814911,5.565344825471163e-16,6.678413790565395e-17
6530.25369548799,5.298310985364721e-16,6.357973182437665e-17
6533.636909484871,5.273639658339499e-16,6.328367590007398e-17
6537.0201234817605,5.424192763331585e-16,6.509031315997902e-17
6540.4033374786495,5.425121477067579e-16,6.510145772481095e-17
6543.786551475539,5.565083087401683e-16,6.678099704882019e-17
6547.16976547242,5.737531572313618e-16,6.885037886776342e-17
6550.55297946931,5.510253189665777e-16,6.612303827598932e-17
6553.9361934662,5.577191339410722e-16,6.692629607292867e-17
6557.319407463089,5.507400140507149e-16,6.608880168608578e-17
6560.702621459971,5.514243955250612e-16,6.617092746300733e-17
6564.08583545686,5.464421199116317e-16,6.55730543893958e-17
6567.46904945375,5.50839389520458e-16,6.610072674245496e-17
6570.85226345064,5.662576028134082e-16,6.795091233760898e-17
6574.235477447521,5.584016805647978e-16,6.700820166777574e-17
6577.618691444411,5.513248406652274e-16,6.615898087982729e-17
6581.0019054413,5.519728944621745e-16,6.623674733546093e-17
6584.38511943818,5.586609876470314e-16,6.703931851764376e-17
6587.76833343507,5.667563288394898e-16,6.801075946073877e-17
6591.15154743196,5.571206331311805e-16,6.685447597574166e-17
6594.53476142885,5.58189420783907e-16,6.698273049406883e-17
6597.91797542573,5.613490867427601e-16,6.736189040913121e-17
6601.301189422621,5.619403317884095e-16,6.743283981460913e-17
6604.68440341951,5.494446785801667e-16,6.593336142962e-17
6608.06761741639,5.623476316299108e-16,6.748171579558929e-17
6611.45083141328,5.515739028577747e-16,6.618886834293297e-17
6614.834045410171,5.654809869981633e-16,6.785771843977958e-17
6618.217259407061,5.615567326687382e-16,6.738680792024858e-17
6621.600473403941,5.620693032818445e-16,6.744831639382134e-17
6624.98368740083,5.48352284714571e-16,6.580227416574852e-17
6628.36690139772,5.534920327082584e-16,6.641904392499101e-17
6631.7501153946,5.624798003842749e-16,6.749757604611299e-17
6635.1333293914895,5.482237179524142e-16,6.57868461542897e-17
6638.51654338838,5.513520999312155e-16,6.616225199174586e-17
6641.899757385269,5.51879630241032e-16,6.622555562892384e-17
6645.282971382149,5.426881977105418e-16,6.512258372526502e-17
6648.666185379039,5.650194532843782e-16,6.780233439412538e-17
6652.04939937593,5.639696331211664e-16,6.767635597453997e-17
6655.43261337282,5.467165407431334e-16,6.5605984889176e-17
6658.8158273697,5.501900057618318e-16,6.602280069141982e-17
6662.199041366589,5.457376964456725e-16,6.54885235734807e-17
6665.58225536348,5.441542511452146e-16,6.529851013742575e-17
6668.96546936036,5.299797461011352e-16,6.359756953213622e-17
6672.34868335725,5.32047942856304e-16,6.384575314275648e-17
6675.73189735414,5.396831460876615e-16,6.476197753051938e-17
6679.1151113510305,5.281430887069118e-16,6.337717064482941e-17
6682.49832534791,5.279030256509816e-16,6.33483630781178e-17
6685.881539344799,5.225545247619281e-16,6.270654297143137e-17
6689.264753341689,5.153390277214398e-16,6.184068332657278e-17
6692.64796733857,5.138643155215577e-16,6.166371786258692e-17
6696.03118133546,5.057460900518528e-16,6.068953080622233e-17
6699.41439533235,5.123473498138457e-16,6.148168197766148e-17
6702.797609329239,5.113496235949354e-16,6.136195483139224e-17
6706.180823326121,5.226835287457353e-16,6.272202344948824e-17
6709.56403732301,5.09829466257021e-16,6.117953595084252e-17
6712.9472513199,5.109916571889947e-16,6.131899886267936e-17
6716.33046531678,5.10785682447895e-16,6.12942818937474e-17
6719.713679313671,5.179072522775773e-16,6.214887027330927e-17
6723.0968933105605,5.088306472889371e-16,6.105967767467245e-17
6726.4801073074495,5.147017439126481e-16,6.176420926951777e-17
6729.8633213043295,5.160646120898684e-16,6.19277534507842e-17
6733.24653530122,5.185275507328183e-16,6.222330608793819e-17
6736.62974929811,5.071385832313297e-16,6.085662998775956e-17
6740.012963295,4.950362501752238e-16,5.940435002102685e-17
6743.39617729188,5.058952902303019e-16,6.070743482763622e-17
6746.779391288771,5.069606026290476e-16,6.083527231548571e-17
6750.16260528566,4.920301686361368e-16,5.904362023633641e-17
6753.54581928255,4.827209486832528e-16,5.792651384199034e-17
6756.92903327943,4.881710005113053e-16,5.858052006135664e-17
6760.312247276321,4.919526508919527e-16,5.903431810703432e-17
6763.695461273211,4.820427481688459e-16,5.784512978026151e-17
6767.078675270091,4.91970705875211e-16,5.903648470502531e-17
6770.46188926698,4.920315810279804e-16,5.904378972335764e-17
6773.84510326387,4.862446014419439e-16,5.834935217303327e-17
6777.22831726076,4.886411760665049e-16,5.863694112798058e-17
6780.61153125764,4.793960813569738e-16,5.752752976283685e-17
6783.99474525453,4.780360345352296e-16,5.736432414422755e-17
6787.377959251421,4.897910313151098e-16,5.877492375781318e-17
6790.761173248299,4.877129490701139e-16,5.852555388841367e-17
6794.14438724519,4.69529431425211e-16,5.634353177102532e-17
6797.52760124208,4.659101478626395e-16,5.590921774351674e-17
6800.91081523896,4.805655351317004e-16,5.766786421580405e-17
6804.29402923585,4.735103156037269e-16,5.682123787244723e-17
6807.677243232739,4.688500873013492e-16,5.626201047616191e-17
6811.06045722963,4.711156810362016e-16,5.653388172434419e-17
6814.44367122652,4.770975787738717e-16,5.72517094528646e-17
6817.8268852234,4.599654817220953e-16,5.519585780665143e-17
6821.2100992202895,4.606811911805591e-16,5.5281742941667095e-17
6824.59331321718,4.738315304810087e-16,5.685978365772104e-17
6827.97652721406,4.552072625143642e-16,5.462487150172371e-17
6831.359741210949,4.544297934174314e-16,5.453157521009177e-17
6834.742955207839,4.512848960964142e-16,5.41541875315697e-17
6838.12616920473,4.376723179085749e-16,5.252067814902899e-17
6841.50938320161,4.450810761295328e-16,5.340972913554393e-17
6844.8925971985,4.554349478913703e-16,5.465219374696444e-17
6848.275811195389,4.436699017374374e-16,5.3240388208492485e-17
6851.659025192271,4.3476083625020356e-16,5.2171300350024424e-17
6855.04223918916,4.3795310473168975e-16,5.255437256780277e-17
6858.42545318605,4.1783960739117987e-16,5.014075288694158e-17
6861.80866718293,3.726562705122856e-16,4.471875246147427e-17
6865.1918811798205,3.3503644914500934e-16,4.020437389740112e-17
6868.57509517671,3.536084159357676e-16,4.243300991229211e-17
6871.958309173599,3.811754925174085e-16,4.574105910208902e-17
6875.341523170489,4.025747425745109e-16,4.8308969108941305e-17
6878.72473716737,4.006107454051901e-16,4.807328944862281e-17
6882.10795116426,3.8362331791352217e-16,4.603479814962266e-17
6885.49116516114,3.8236879715664056e-16,4.5884255658796863e-17
6888.87437915803,3.8705976121319e-16,4.64471713455828e-17
6892.257593154921,3.875058771166171e-16,4.650070525399405e-17
6895.64080715181,3.8441816148466475e-16,4.6130179378159766e-17
6899.0240211487,3.7667416355783e-16,4.5200899626939596e-17
6902.40723514558,3.8526378957209816e-16,4.6231654748651776e-17
6905.790449142471,4.0026254735231943e-16,4.803150568227833e-17
6909.1736631393605,4.044420359384455e-16,4.8533044312613456e-17
6912.5568771362405,4.0296201987380353e-16,4.835544238485642e-17
6915.9400911331295,4.014699455004901e-16,4.817639346005881e-17
6919.32330513002,4.0265320998934166e-16,4.8318385198721e-17
6922.70651912691,4.185953128890145e-16,5.023143754668174e-17
6926.08973312379,4.0557996072289387e-16,4.866959528674726e-17
6929.47294712068,3.970410736383849e-16,4.764492883660619e-17
6932.856161117571,3.8557268540775227e-16,4.626872224893027e-17
6936.239375114449,3.89128380184426e-16,4.669540562213112e-17
6939.62258911134,3.9686953535123417e-16,4.76243442421481e-17
6943.00580310823,3.9152489984101234e-16,4.6982987980921476e-17
6946.38901710511,3.9508383346337696e-16,4.741006001560523e-17
6949.772231102,3.9795749795478247e-16,4.7754899754573895e-17
6953.155445098891,3.932711578620095e-16,4.719253894344114e-17
6956.53865909578,3.977913378594592e-16,4.7734960543135104e-17
6959.9218730926705,4.1540757489711693e-16,4.984890898765403e-17
6963.3050870895495,4.0761180815017275e-16,4.8913416978020726e-17
6966.68830108644,3.9544349107079105e-16,4.745321892849492e-17
6970.07151508333,4.0003536869533577e-16,4.800424424344029e-17
6973.45472908021,4.181624099335975e-16,5.01794891920317e-17
6976.837943077099,4.134279485431964e-16,4.961135382518356e-17
6980.221157073989,4.037833385363507e-16,4.845400062436208e-17
6983.60437107088,4.075470879323862e-16,4.8905650551886346e-17
6986.98758506776,3.997924893490511e-16,4.797509872188613e-17
6990.37079906465,4.0216281962377507e-16,4.8259538354853006e-17
6993.754013061539,4.005565163309526e-16,4.806678195971431e-17
6997.137227058421,3.8573420253128276e-16,4.628810430375393e-17
7000.52044105531,3.93832427111057e-16,4.725989125332684e-17
7003.9036550522,3.8882506434247364e-16,4.6659007721096834e-17
7007.28686904909,3.775907269482528e-16,4.531088723379033e-17
7010.67008304597,3.953011386277322e-16,4.743613663532786e-17
7014.05329704286,4.059248036492642e-16,4.8710976437911706e-17
7017.436511039749,3.949920061443813e-16,4.7399040737325754e-17
7020.819725036629,3.934498733699895e-16,4.721398480439874e-17
7024.20293903352,3.8197429252378617e-16,4.583691510285434e-17
7027.58615303041,3.834210010744251e-16,4.601052012893101e-17
7030.96936702729,3.839681161650191e-16,4.6076173939802294e-17
7034.35258102418,3.9064725727468653e-16,4.687767087296238e-17
7037.735795021071,3.939955680251353e-16,4.7279468163016234e-17
7041.119009017959,3.924448225940606e-16,4.7093378711287274e-17
7044.50222301485,3.9081370072045326e-16,4.689764408645439e-17
7047.88543701173,3.8546313909681085e-16,4.62555766916173e-17
7051.2686510086205,3.9251537461291533e-16,4.710184495354984e-17
7054.651865005509,3.962205409530851e-16,4.754646491437021e-17
7058.03507900239,3.897940319753283e-16,4.67752838370394e-17
7061.418292999279,3.8689379442579014e-16,4.642725533109481e-17
7064.80150699617,3.819543567984738e-16,4.5834522815816855e-17
7068.184720993059,3.8347272952238377e-16,4.601672754268605e-17
7071.56793498994,3.7600346632029955e-16,4.512041595843594e-17
7074.95114898683,3.6912934143205826e-16,4.429552097184699e-17
7078.334362983721,3.8369918526548853e-16,4.604390223185862e-17
7081.717576980601,3.787191844673669e-16,4.544630213608403e-17
7085.10079097749,3.717149115273096e-16,4.4605789383277147e-17
7088.48400497438,3.7433512004398987e-16,4.4920214405278783e-17
7091.867218971271,3.7026721425166313e-16,4.443206571019957e-17
7095.25043296815,3.7221423488961702e-16,4.4665708186754043e-17
7098.6336469650405,3.692319609261619e-16,4.4307835311139425e-17
7102.0168609619295,3.672701337627988e-16,4.4072416051535856e-17
7105.4000749588095,3.7125734975683296e-16,4.455088197081995e-17
7108.783288955699,3.7194278926165087e-16,4.4633134711398104e-17
7112.16650295259,3.6284362558929737e-16,4.354123507071568e-17
7115.54971694948,3.624067278910244e-16,4.3488807346922926e-17
7118.93293094636,3.669973923630421e-16,4.4039687083565047e-17
7122.316144943249,3.726829215294007e-16,4.472195058352809e-17
7125.69935894014,3.680820560129294e-16,4.4169846721551524e-17
7129.08257293703,3.7549642069739543e-16,4.505957048368745e-17
7132.46578693391,3.7516529196433475e-16,4.5019835035720165e-17
7135.8490009308,3.821456837136764e-16,4.585748204564117e-17
7139.232214927691,3.8993267984895347e-16,4.6791921581874415e-17
7142.615428924571,3.7581706037877245e-16,4.5098047245452695e-17
7145.99864292146,3.884148165117238e-16,4.660977798140685e-17
7149.3818569183495,3.8269166492461666e-16,4.5922999790953997e-17
7152.76507091524,3.7872342015250244e-16,4.544681041830029e-17
7156.14828491212,3.8041756313946812e-16,4.565010757673617e-17
7159.531498909008,3.781361722709928e-16,4.5376340672519135e-17
7162.914712905899,3.642545852248696e-16,4.371055022698435e-17
7166.297926902779,3.4808888680999003e-16,4.17706664171988e-17
7169.68114089967,3.3444416775786927e-16,4.013330013094431e-17
7173.064354896559,3.3217766782813826e-16,3.986132013937659e-17
7176.44756889345,3.3784724000621155e-16,4.0541668800745385e-17
7179.83078289033,3.375324925340583e-16,4.0503899104086996e-17
7183.213996887221,3.3173933546784886e-16,3.980872025614186e-17
7186.597210884109,3.4234267775361283e-16,4.108112133043354e-17
7189.980424881,3.630879137546177e-16,4.3570549650554117e-17
7193.36363887788,3.4999716565775985e-16,4.199965987893118e-17
7196.74685287477,3.4977572914825906e-16,4.1973087497791084e-17
7200.1300668716585,3.642160957532379e-16,4.3705931490388547e-17
7203.51328086854,3.660005123325893e-16,4.3920061479910715e-17
7206.896494865429,3.8259817714060294e-16,4.591178125687235e-17
7210.27970886232,3.8872356484029144e-16,4.664682778083497e-17
7213.662922859209,3.8819274809061863e-16,4.6583129770874235e-17
7217.04613685609,3.837241117613209e-16,4.604689341135851e-17
7220.42935085298,3.7851502688818324e-16,4.5421803226581985e-17
7223.812564849871,3.724407101822029e-16,4.469288522186435e-17
7227.195778846751,3.5907629899519077e-16,4.3089155879422894e-17
7230.57899284364,3.507798754333485e-16,4.2093585052001814e-17
7233.96220684053,3.543662179745676e-16,4.252394615694811e-17
7237.3454208374205,3.5598524347048317e-16,4.271822921645798e-17
7240.7286348343005,3.489541982532307e-16,4.187450379038768e-17
7244.11184883119,3.409681348775786e-16,4.091617618530943e-17
7247.495062828079,3.650554157849072e-16,4.380664989418886e-17
7250.878276824959,3.672393016101784e-16,4.406871619322141e-17
7254.26149082185,3.608424256337406e-16,4.330109107604887e-17
7257.64470481874,3.592198258797676e-16,4.310637910557211e-17
7261.02791881563,3.8289226082743643e-16,4.594707129929237e-17
7264.41113281251,3.915886859236133e-16,4.699064231083359e-17
7267.794346809399,3.70053046163875e-16,4.4406365539664994e-17
7271.17756080629,3.6737905442166496e-16,4.4085486530599794e-17
7274.56077480318,3.8085070581845304e-16,4.570208469821436e-17
7277.94398880006,3.7813787868323797e-16,4.5376545441988556e-17
7281.32720279695,3.7024888528979274e-16,4.442986623477513e-17
7284.7104167938405,3.694013898806919e-16,4.4328166785683025e-17
7288.09363079072,3.7094567759535453e-16,4.451348131144254e-17
7291.4768447876095,3.7131130576593367e-16,4.455735669191204e-17
7294.860058784499,3.714824695655147e-16,4.457789634786176e-17
7298.24327278139,3.553944502318962e-16,4.264733402782754e-17
7301.62648677827,3.6131361174242536e-16,4.335763340909104e-17
7305.00970077516,3.6058344862797047e-16,4.3270013835356453e-17
7308.392914772049,3.697328420920391e-16,4.436794105104469e-17
7311.776128768929,3.7417068861624306e-16,4.4900482633949167e-17
7315.15934276582,3.752227936032885e-16,4.502673523239462e-17
7318.54255676271,3.8341048102771045e-16,4.600925772332525e-17
7321.9257707596,3.834521750734184e-16,4.601426100881021e-17
7325.30898475648,3.8878416293799206e-16,4.665409955255904e-17
7328.692198753371,3.9782000524331086e-16,4.77384006291973e-17
7332.075412750259,3.8826071670095474e-16,4.659128600411457e-17
7335.458626747141,3.7250042145744435e-16,4.470005057489332e-17
7338.8418407440295,3.634060267946645e-16,4.360872321535974e-17
7342.22505474092,3.7775411013638e-16,4.5330493216365604e-17
7345.608268737808,3.8490926609294066e-16,4.618911193115288e-17
7348.991482734691,3.7538370783913813e-16,4.504604494069657e-17
7352.374696731579,3.834360203095019e-16,4.6012322437140225e-17
7355.75791072847,3.9073467440099877e-16,4.688816092811985e-17
7359.14112472535,3.82483803645923e-16,4.5898056437510754e-17
7362.524338722241,3.802557760365983e-16,4.5630693124391794e-17
7365.90755271913,3.779419206310856e-16,4.535303047573027e-17
7369.290766716021,3.77116105621969e-16,4.525393267463628e-17
7372.673980712909,3.868726188396702e-16,4.6424714260760424e-17
7376.05719470979,3.8144512582874887e-16,4.577341509944986e-17
7379.44040870668,3.804605893101379e-16,4.5655270717216546e-17
7382.82362270357,3.804943420429563e-16,4.5659321045154755e-17
7386.20683670045,3.7462268839217705e-16,4.4954722607061246e-17
7389.59005069734,3.744518700747354e-16,4.4934224408968247e-17
7392.973264694229,3.880238145308002e-16,4.656285774369602e-17
7396.35647869112,3.894777283658493e-16,4.673732740390191e-17
7399.739692688,3.866087131139833e-16,4.639304557367799e-17
7403.12290668489,3.808043195661788e-16,4.569651834794146e-17
7406.50612068178,3.8184026792449124e-16,4.582083215093895e-17
7409.889334678671,3.8321742252391685e-16,4.5986090702870017e-17
7413.272548675551,3.6304695783186694e-16,4.356563493982403e-17
7416.65576267244,3.6125141824759485e-16,4.335017018971138e-17
7420.03897666933,3.812052257606708e-16,4.5744627091280494e-17
7423.42219066621,3.802604816402817e-16,4.56312577968338e-17
7426.8054046631005,3.6232986873560564e-16,4.3479584248272676e-17
7430.18861865999,3.641617051397297e-16,4.3699404616767566e-17
7433.57183265687,3.6806147985126485e-16,4.416737758215178e-17
7436.955046653759,3.6943975886100327e-16,4.433277106332039e-17
7440.338260650649,3.6645272679400846e-16,4.397432721528101e-17
7443.721474647529,3.476134807411812e-16,4.1713617688941745e-17
7447.10468864442,3.6743026698861405e-16,4.4091632038633683e-17
7450.48790264131,3.7166484347201777e-16,4.459978121664213e-17
7453.871116638199,3.535417935811098e-16,4.2425015229733174e-17
7457.25433063509,3.700711311970073e-16,4.4408535743640873e-17
7460.63754463197,3.752856208846887e-16,4.503427450616264e-17
7464.02075862886,3.6883575292632136e-16,4.426029035115856e-17
7467.40397262575,3.6119235354601647e-16,4.3343082425521977e-17
7470.78718662263,3.675441877031779e-16,4.410530252438135e-17
7474.1704006195205,3.5809040906319774e-16,4.2970849087583724e-17
7477.5536146164095,3.577564504067896e-16,4.293077404881475e-17
7480.936828613299,3.6386334129183704e-16,4.366360095502044e-17
7484.320042610179,3.5250607652178324e-16,4.2300729182613986e-17
7487.70325660707,3.4518010345934686e-16,4.142161241512162e-17
7491.08647060396,3.4740354691500756e-16,4.168842562980091e-17
7494.469684600841,3.4523696646278154e-16,4.142843597553378e-17
7497.852898597729,3.3914594799513854e-16,4.0697513759416625e-17
7501.23611259462,3.329892736389292e-16,3.99587128366715e-17
7504.619326591509,3.234903815555177e-16,3.881884578666212e-17
7508.002540588391,3.302404200572282e-16,3.962885040686738e-17
7511.38575458528,3.345478242551222e-16,4.014573891061466e-17
7514.768968582171,3.235883181866195e-16,3.883059818239434e-17
7518.152182579059,3.331640817713666e-16,3.997968981256399e-17
7521.535396575941,3.390502635635637e-16,4.068603162762764e-17
7524.9186105728295,3.3257371471356e-16,3.99088457656272e-17
7528.301824569709,3.273506561126916e-16,3.928207873352299e-17
7531.6850385666,3.220077039585414e-16,3.8640924475024966e-17
7535.068252563491,3.2398433963810577e-16,3.887812075657269e-17
7538.451466560379,3.2216328763898816e-16,3.8659594516678576e-17
7541.83468055727,3.133459335410558e-16,3.760151202492669e-17
7545.21789455415,3.2423273121866984e-16,3.890792774624038e-17
7548.60110855104,3.2016573093547555e-16,3.8419887712257065e-17
7551.98432254793,3.1079846205792686e-16,3.729581544695122e-17
7555.36753654481,3.2174017016999035e-16,3.860882042039884e-17
7558.750750541701,3.151696201506807e-16,3.782035441808168e-17
7562.13396453859,3.189458100811255e-16,3.827349720973506e-17
7565.51717853548,3.176589535576643e-16,3.811907442691971e-17
7568.90039253236,3.0655079529979483e-16,3.678609543597538e-17
7572.28360652925,3.0972025500438137e-16,3.716643060052576e-17
7575.66682052614,3.038296151007348e-16,3.645955381208817e-17
7579.05003452302,3.0636433739015597e-16,3.676372048681872e-17
7582.433248519909,3.0861584999448787e-16,3.7033901999338544e-17
7585.8164625168,2.6465931772480847e-16,3.175911812697702e-17
7589.19967651369,2.06512400430581e-16,2.478148805166972e-17
7592.58289051057,1.616975336802934e-16,1.940370404163521e-17
7595.96610450746,1.271679922734059e-16,1.5260159072808704e-17
7599.349318504351,1.2970765722191622e-16,1.5564918866629947e-17
7602.73253250124,1.4029543178930938e-16,1.6835451814717125e-17
7606.11574649812,1.7135984668599676e-16,2.056318160231961e-17
7609.49896049501,1.9605371698599475e-16,2.352644603831937e-17
7612.8821744919,2.1317317659109783e-16,2.5580781190931737e-17
7616.2653884887795,2.0805895927904973e-16,2.4967075113485966e-17
7619.64860248567,1.8349430231331302e-16,2.201931627759756e-17
7623.031816482559,1.7803878503626049e-16,2.1364654204351258e-17
7626.415030479449,1.8847988477339606e-16,2.2617586172807527e-17
7629.798244476329,1.9231169883251687e-16,2.3077403859902024e-17
7633.18145847322,2.0177174498340363e-16,2.4212609398008433e-17
7636.56467247011,2.0985240115029696e-16,2.5182288138035635e-17
7639.947886466999,2.1362624921549572e-16,2.5635149905859485e-17
7643.331100463879,2.212098398458917e-16,2.6545180781507005e-17
7646.71431446077,2.414906114089509e-16,2.8978873369074104e-17
7650.09752845766,2.438286430705814e-16,2.925943716846977e-17
7653.480742454541,2.503095459634336e-16,3.003714551561203e-17
7656.86395645143,2.501267486236525e-16,3.00152098348383e-17
7660.2471704483205,2.634696472465654e-16,3.161635766958785e-17
7663.6303844452,2.8731826821984684e-16,3.447819218638162e-17
7667.013598442091,2.8679559554929874e-16,3.441547146591585e-17
7670.396812438979,2.7563804219169367e-16,3.307656506300324e-17
7673.78002643587,2.8019254311210524e-16,3.362310517345263e-17
7677.16324043275,3.004493256706853e-16,3.605391908048224e-17
7680.546454429641,3.127198303556799e-16,3.7526379642681584e-17
7683.929668426529,2.9984225551942975e-16,3.5981070662331566e-17
7687.31288242342,2.9702263294769416e-16,3.5642715953723297e-17
7690.6960964203,2.937234214359273e-16,3.524681057231128e-17
7694.079310417191,2.8893470296913167e-16,3.4672164356295796e-17
7697.46252441408,2.9975731312102607e-16,3.597087757452313e-17
7700.84573841096,3.0753297159323e-16,3.69039565911876e-17
7704.228952407851,3.0840594028830505e-16,3.7008712834596604e-17
7707.612166404741,3.1509874722082633e-16,3.781184966649916e-17
7710.9953804016295,3.225340284306602e-16,3.870408341167922e-17
7714.378594398509,3.2895285368209286e-16,3.9474342441851144e-17
7717.7618083954,3.295828118370816e-16,3.954993742044979e-17
7721.14502239229,3.2038592715728964e-16,3.844631125887476e-17
7724.52823638917,3.0398377514032787e-16,3.6478053016839345e-17
7727.911450386059,3.08994239401951e-16,3.707930872823412e-17
7731.29466438295,3.1442432740611426e-16,3.773091928873371e-17
7734.67787837984,3.188888826443695e-16,3.8266665917324334e-17
7738.06109237672,3.204560883819954e-16,3.8454730605839444e-17
7741.44430637361,3.2339664682962985e-16,3.880759761955558e-17
7744.827520370501,3.2823984686565965e-16,3.9388781623879154e-17
7748.21073436739,3.270030354346357e-16,3.924036425215629e-17
7751.59394836427,3.273858169228072e-16,3.928629803073686e-17
7754.97716236116,3.315754143653348e-16,3.978904972384018e-17
7758.36037635805,3.3604775320309316e-16,4.0325730384371174e-17
7761.743590354929,3.36423367904892e-16,4.037080414858704e-17
7765.12680435182,3.3664555717666206e-16,4.0397466861199446e-17
7768.510018348709,3.4053299154059214e-16,4.0863958984871054e-17
7771.8932323456,3.348293675739301e-16,4.017952410887161e-17
7775.276446342479,3.409291954757492e-16,4.09115034570899e-17
7778.65966033937,3.4349572386539067e-16,4.1219486863846876e-17
7782.04287433626,3.359876697080372e-16,4.031852036496446e-17
7785.426088333149,3.41969404679585e-16,4.1036328561550194e-17
7788.809302330029,3.506280958702088e-16,4.207537150442506e-17
7792.19251632692,3.4901731248583017e-16,4.188207749829962e-17
7795.57573032381,3.597527754108496e-16,4.3170333049301945e-17
7798.9589443206905,3.631294543197943e-16,4.357553451837531e-17
7802.34215831758,3.5321234141823893e-16,4.238548097018867e-17
7805.72537231447,3.7020312181708717e-16,4.442437461805046e-17
7809.108586311359,3.6563956923840927e-16,4.387674830860911e-17
7812.491800308241,3.718619242110126e-16,4.462343090532151e-17
7815.875014305129,3.76935747487939e-16,4.523228969855268e-17
7819.25822830202,3.7452900185827603e-16,4.494348022299312e-17
7822.6414422989,3.589978074182372e-16,4.307973689018846e-17
7826.024656295791,3.5945782749316834e-16,4.31349392991802e-17
7829.407870292679,3.7413611304508815e-16,4.489633356541058e-17
7832.79108428957,3.774803311189924e-16,4.5297639734279086e-17
7836.17429828645,3.733263913664048e-16,4.4799166963968575e-17
7839.557512283341,3.62587027356629e-16,4.351044328279548e-17
7842.94072628023,3.5882995507963074e-16,4.305959460955569e-17
7846.32394027711,3.610185503426717e-16,4.33222260411206e-17
7849.7071542740005,3.774686571007593e-16,4.5296238852091115e-17
7853.090368270891,3.567087243683817e-16,4.2805046924205807e-17
7856.473582267779,3.5366339408027056e-16,4.243960728963247e-17
7859.856796264659,3.6651562431678294e-16,4.398187491801395e-17
7863.24001026155,3.6340282041131117e-16,4.3608338449357336e-17
7866.623224258441,3.5942860075345817e-16,4.313143209041498e-17
7870.006438255329,3.648471846820121e-16,4.378166216184145e-17
7873.389652252209,3.714047665561309e-16,4.456857198673571e-17
7876.7728662491,3.6906220921418693e-16,4.428746510570243e-17
7880.156080245991,3.578438608303619e-16,4.294126329964343e-17
7883.53929424287,3.5822173070672265e-16,4.298660768480672e-17
7886.92250823976,3.653856881494812e-16,4.384628257793774e-17
7890.305722236651,3.6760152412534487e-16,4.411218289504138e-17
7893.68893623354,3.679963160893562e-16,4.415955793072274e-17
7897.0721502304195,3.602759692266253e-16,4.3233116307195037e-17
7900.4553642273095,3.558163771739489e-16,4.2697965260873866e-17
7903.8385782242,3.69899624249945e-16,4.43879549099934e-17
7907.221792221079,3.770861973018397e-16,4.525034367622076e-17
7910.60500621797,3.717016817289749e-16,4.4604201807476984e-17
7913.988220214859,3.7257963958634234e-16,4.4709556750361077e-17
7917.37143421175,3.735315218909571e-16,4.482378262691485e-17
7920.754648208629,3.618046559044838e-16,4.341655870853805e-17
7924.13786220552,3.607242609447342e-16,4.3286911313368104e-17
7927.52107620241,3.6551339712247166e-16,4.3861607654696597e-17
7930.904290199301,3.799963411031256e-16,4.559956093237507e-17
7934.287504196179,3.807253423169729e-16,4.5687041078036747e-17
7937.67071819307,3.6242819839098095e-16,4.3491383806917716e-17
7941.05393218996,3.581911600484665e-16,4.298293920581598e-17
7944.43714618684,3.610830524843719e-16,4.3329966298124626e-17
7947.8203601837295,3.6919063547007366e-16,4.4302876256408835e-17
7951.20357418062,3.6665102978787453e-16,4.399812357454494e-17
7954.586788177509,3.5652095814012734e-16,4.278251497681528e-17
7957.970002174391,3.566504263943662e-16,4.2798051167323944e-17
7961.353216171279,3.5999737846269623e-16,4.3199685415523545e-17
7964.73643016817,3.614624163723761e-16,4.337548996468513e-17
7968.11964416506,3.4347549974042954e-16,4.1217059968851544e-17
7971.502858161941,3.5412212111592844e-16,4.249465453391141e-17
7974.886072158829,3.599987362962281e-16,4.319984835554737e-17
7978.26928615572,3.437238807493394e-16,4.124686568992073e-17
7981.6525001526,3.5160645304612496e-16,4.2192774365534995e-17
7985.035714149491,3.624012437609601e-16,4.3488149251315207e-17
7988.41892814638,3.5603085246828003e-16,4.27237022961936e-17
7991.8021421432595,3.460851323586036e-16,4.153021588303243e-17
7995.18535614015,3.4070491433677757e-16,4.088458972041331e-17
7998.568570137041,3.4536004696082934e-16,4.144320563529952e-17
8001.951784133929,3.449685373863611e-16,4.1396224486363334e-17
8005.334998130809,3.3132632273434235e-16,3.975915872812108e-17
8008.7182121277,3.334350718282364e-16,4.0012208619388367e-17
8012.101426124591,3.565489453373446e-16,4.278587344048135e-17
8015.484640121479,3.443660198731029e-16,4.1323922384772346e-17
8018.867854118359,3.4508645359717565e-16,4.141037443166108e-17
8022.25106811525,3.465256314771644e-16,4.158307577725973e-17
8025.634282112141,3.511986495318326e-16,4.214383794381991e-17
8029.01749610902,3.555756203857882e-16,4.266907444629458e-17
8032.40071010591,3.422943394371641e-16,4.107532073245969e-17
8035.7839241028005,3.3067382627133584e-16,3.9680859152560297e-17
8039.167138099691,3.3126794466671508e-16,3.9752153360005805e-17
8042.550352096569,3.377442986830575e-16,4.05293158419669e-17
8045.933566093459,3.4293381023983535e-16,4.115205722878024e-17
8049.31678009035,3.446396902917117e-16,4.1356762835005406e-17
8052.69999408723,3.422969298263976e-16,4.107563157916771e-17
8056.08320808412,3.526472461415048e-16,4.231766953698057e-17
8059.466422081009,3.500214462093629e-16,4.200257354512355e-17
8062.8496360779,3.331807932103504e-16,3.9981695185242045e-17
8066.23285007478,3.394728603204673e-16,4.0736743238456075e-17
8069.61606407167,3.471857261863485e-16,4.166228714236182e-17
8072.99927806856,3.3552755054455403e-16,4.026330606534648e-17
8076.382492065451,3.284516706112964e-16,3.9414200473355565e-17
8079.765706062329,3.347945281081947e-16,4.017534337298336e-17
8083.14892005922,3.331685264189336e-16,3.998022317027203e-17
8086.5321340561095,3.2633013560375395e-16,3.9159616272450475e-17
8089.91534805299,3.3258247986618214e-16,3.9909897583941855e-17
8093.298562049879,3.3941295569139353e-16,4.072955468296722e-17
8096.68177604677,3.247160678417062e-16,3.8965928141004744e-17
8100.064990043659,3.322442768913256e-16,3.986931322695907e-17
8103.448204040541,3.4577160843556463e-16,4.149259301226776e-17
8106.831418037429,3.4313392529262095e-16,4.1176071035114514e-17
8110.21463203432,3.323567726369729e-16,3.9882812716436746e-17
8113.5978460312,3.2024733372378567e-16,3.842968004685428e-17
8116.981060028091,3.114159266463775e-16,3.73699111975653e-17
8120.364274024979,3.040643190293949e-16,3.6487718283527386e-17
8123.74748802187,3.068512605106877e-16,3.6822151261282524e-17
8127.13070201875,3.104459721711803e-16,3.725351666054164e-17
8130.5139160156405,3.2762034883978585e-16,3.93144418607743e-17
8133.8971300125295,3.2081010732501247e-16,3.84972128790015e-17
8137.28034400942,3.1149327078708317e-16,3.737919249444998e-17
8140.6635580063,2.965193625853294e-16,3.558232351023953e-17
8144.046772003191,3.042795321203079e-16,3.651354385443695e-17
8147.429986000079,3.093393564426025e-16,3.71207227731123e-17
8150.813199996959,2.8111922507121507e-16,3.373430700854581e-17
8154.19641399385,2.722360174903815e-16,3.266832209884578e-17
8157.579627990741,2.780709999977977e-16,3.336851999973573e-17
8160.962841987629,2.8464121363278726e-16,3.415694563593447e-17
8164.346055984509,2.8580202278024975e-16,3.4296242733629966e-17
8167.7292699814,2.760694669232457e-16,3.312833603078948e-17
8171.112483978291,2.74072884891086e-16,3.288874618693032e-17
8174.4956979751705,2.8444363955841275e-16,3.4133236747009527e-17
8177.8789119720595,2.850495734019477e-16,3.4205948808233726e-17
8181.26212596895,2.822357997097619e-16,3.3868295965171423e-17
8184.645339965841,2.777689185142169e-16,3.3332270221706025e-17
8188.028553962719,2.805428870358654e-16,3.366514644430385e-17
8191.411767959609,2.9249554426238107e-16,3.5099465311485726e-17
8194.7949819565,2.9433659118795845e-16,3.532039094255501e-17
8198.17819595338,3.014553447893889e-16,3.617464137472667e-17
8201.561409950269,2.983322959153984e-16,3.579987550984781e-17
8204.94462394716,3.0025681975293355e-16,3.603081837035202e-17
8208.32783794405,3.037564731111659e-16,3.645077677333991e-17
8211.71105194093,2.9665934228437034e-16,3.559912107412444e-17
8215.09426593782,2.5545686341392296e-16,3.065482360967075e-17
8218.477479934709,2.4347319820992507e-16,2.921678378519101e-17
8221.86069393159,2.463002601972083e-16,2.9556031223664994e-17
8225.24390792848,2.5585958233459954e-16,3.070314988015194e-17
8228.62712192537,2.795182841682549e-16,3.354219410019059e-17
8232.01033592226,2.745941282687778e-16,3.295129539225333e-17
8235.393549919141,2.818047508691508e-16,3.38165701042981e-17
8238.77676391603,2.9149764179726607e-16,3.4979717015671925e-17
8242.15997791292,2.9140551936192784e-16,3.496866232343134e-17
8245.54319190981,2.9215167043765645e-16,3.5058200452518774e-17
8248.92640590669,2.7640172328069684e-16,3.316820679368362e-17
8252.309619903579,2.6365065539182404e-16,3.163807864701888e-17
8255.69283390047,2.795552365369396e-16,3.354662838443275e-17
8259.07604789735,2.879126661324329e-16,3.4549519935891945e-17
8262.45926189424,2.728028818022311e-16,3.2736345816267734e-17
8265.84247589113,2.706829549061568e-16,3.2481954588738817e-17
8269.22568988801,2.7127069409256807e-16,3.255248329110817e-17
8272.6089038849,2.6777970280509466e-16,3.2133564336611357e-17
8275.992117881791,2.8500583213886695e-16,3.420069985666403e-17
8279.375331878678,2.7569017716904466e-16,3.3082821260285357e-17
8282.758545875558,2.603086315933083e-16,3.1237035791196994e-17
8286.14175987245,2.736924037835146e-16,3.284308845402175e-17
8289.52497386934,2.930442434282536e-16,3.5165309211390433e-17
8292.90818786623,2.8546179618065866e-16,3.425541554167904e-17
8296.291401863109,2.851965764181638e-16,3.4223589170179654e-17
8299.67461586,2.835930971457373e-16,3.4031171657488474e-17
8303.05782985689,2.765611709575454e-16,3.3187340514905445e-17
8306.44104385378,2.736652282780561e-16,3.283982739336673e-17
8309.82425785066,2.7400118232917666e-16,3.28801418795012e-17
8313.20747184755,2.905437742065388e-16,3.486525290478466e-17
8316.590685844441,2.7880105371750585e-16,3.34561264461007e-17
8319.973899841321,2.915819150483112e-16,3.4989829805797343e-17
8323.357113838209,2.860153616801213e-16,3.4321843401614554e-17
8326.7403278351,2.902450068934691e-16,3.482940082721629e-17
8330.12354183198,2.8562664944132603e-16,3.427519793295912e-17
8333.50675582887,2.752755790693357e-16,3.303306948832028e-17
8336.88996982576,2.8047922400952534e-16,3.365750688114304e-17
8340.27318382265,2.955843568265305e-16,3.547012281918366e-17
8343.65639781953,3.01701615289857e-16,3.6204193834782836e-17
8347.03961181642,3.058699115216118e-16,3.6704389382593417e-17
8350.42282581331,3.2888393486243426e-16,3.946607218349211e-17
8353.8060398102,3.1585252339221005e-16,3.7902302807065206e-17
8357.18925380708,2.959239598547612e-16,3.551087518257134e-17
8360.57246780397,2.881269580972578e-16,3.4575234971670933e-17
8363.955681800859,2.988070410096289e-16,3.5856844921155466e-17
8367.33889579774,3.1150070559543986e-16,3.738008467145278e-17
8370.72210979463,3.0290214268179996e-16,3.634825712181599e-17
8374.10532379152,2.952979712129534e-16,3.543575654555441e-17
8377.48853778841,2.9842456991438807e-16,3.581094838972657e-17
8380.871751785291,3.123651600965846e-16,3.748381921159015e-17
8384.25496578218,3.166672215002975e-16,3.80000665800357e-17
8387.63817977907,3.091812909282689e-16,3.7101754911392265e-17
8391.021393775949,3.031760890679789e-16,3.6381130688157466e-17
8394.40460777284,2.9972963668596877e-16,3.596755640231625e-17
8397.78782176973,3.040521531385958e-16,3.6486258376631497e-17
8401.17103576662,2.9793339772828444e-16,3.5752007727394133e-17
8404.5542497635,3.115892023900404e-16,3.7390704286804844e-17
8407.93746376039,3.1767996320692663e-16,3.8121595584831196e-17
8411.32067775728,3.029138840726774e-16,3.634966608872129e-17
8414.70389175417,3.011583701380633e-16,3.6139004416567596e-17
8418.08710575105,3.069901853701531e-16,3.6838822244418373e-17
8421.470319747941,2.9005889615359787e-16,3.480706753843174e-17
8424.853533744828,2.920677874134669e-16,3.504813448961603e-17
8428.236747741708,3.259816804483229e-16,3.9117801653798746e-17
8431.6199617386,3.1725727943281384e-16,3.807087353193766e-17
8435.00317573549,3.186825242293761e-16,3.8241902907525133e-17
8438.386389732379,3.3245790386709986e-16,3.989494846405198e-17
8441.769603729259,3.3551046596785593e-16,4.026125591614271e-17
8445.15281772615,3.2548316984353697e-16,3.9057980381224434e-17
8448.53603172304,3.1229337961065314e-16,3.7475205553278376e-17
8451.91924571992,3.270343066373531e-16,3.924411679648237e-17
8455.30245971681,3.493816059013567e-16,4.19257927081628e-17
8458.6856737137,3.2047631337982274e-16,3.845715760557873e-17
8462.068887710591,3.2321837765755574e-16,3.878620531890669e-17
8465.452101707471,3.3215167413704975e-16,3.985820089644597e-17
8468.835315704358,3.1109166004768155e-16,3.7330999205721783e-17
8472.21852970125,3.349190362309683e-16,4.0190284347716196e-17
8475.60174369814,3.4937151723779103e-16,4.1924582068534925e-17
8478.98495769502,3.340580758673433e-16,4.0086969104081196e-17
8482.368171691909,3.2588717472535317e-16,3.910646096704238e-17
8485.7513856888,3.1941621546176384e-16,3.832994585541166e-17
8489.13459968569,3.1428007859057223e-16,3.771360943086867e-17
8492.51781368257,3.1229164089343486e-16,3.747499690721218e-17
8495.90102767946,3.150395903556724e-16,3.780475084268069e-17
8499.28424167635,3.278866968827201e-16,3.934640362592641e-17
8502.66745567323,3.3289261924746145e-16,3.994711430969537e-17
8506.050669670121,3.144109499086233e-16,3.77293139890348e-17
8509.433883667009,3.0924399343255265e-16,3.710927921190632e-17
8512.8170976639,3.1877738847254766e-16,3.825328661670572e-17
8516.20031166078,3.214043983552505e-16,3.856852780263006e-17
8519.58352565767,3.2103071412711247e-16,3.8523685695253497e-17
8522.96673965456,3.252391606028326e-16,3.902869927233991e-17
8526.349953651441,3.324407640767539e-16,3.989289168921047e-17
8529.73316764833,3.373386254451358e-16,4.0480635053416296e-17
8533.116381645219,3.2138312120672973e-16,3.856597454480757e-17
8536.49959564211,3.305292524150576e-16,3.966351028980691e-17
8539.88280963899,3.529091441477177e-16,4.234909729772612e-17
8543.26602363588,3.4233212328505874e-16,4.107985479420705e-17
8546.64923763277,3.302120554875191e-16,3.962544665850229e-17
8550.032451629659,3.267132698443377e-16,3.920559238132052e-17
8553.41566562654,3.360937166704134e-16,4.0331246000449607e-17
8556.79887962343,3.4212954315268077e-16,4.105554517832169e-17
8560.18209362032,3.420762311068123e-16,4.1049147732817476e-17
8563.5653076172,3.4727875610375566e-16,4.167345073245068e-17
8566.948521614091,3.426992768380694e-16,4.1123913220568324e-17
8570.33173561098,3.4233380272873967e-16,4.108005632744876e-17
8573.71494960787,3.292382912780326e-16,3.9508594953363906e-17
8577.098163604749,3.42846397259815e-16,4.1141567671177796e-17
8580.48137760164,3.3995188241992686e-16,4.079422589039122e-17
8583.86459159853,3.2472338193769754e-16,3.8966805832523707e-17
8587.247805595409,3.282636858422107e-16,3.939164230106528e-17
8590.6310195923,3.3177761002973786e-16,3.9813313203568545e-17
8594.01423358919,3.4170822165664923e-16,4.100498659879791e-17
8597.39744758608,3.489534852122611e-16,4.187441822547133e-17
8600.78066158296,3.439315186866657e-16,4.127178224239988e-17
8604.16387557985,3.5873000832745027e-16,4.304760099929403e-17
8607.547089576741,3.6300978520889845e-16,4.356117422506781e-17
8610.930303573621,3.3498891440773195e-16,4.0198669728927836e-17
8614.313517570508,3.1888560171315985e-16,3.826627220557918e-17
8617.6967315674,3.4184331283567495e-16,4.1021197540280993e-17
8621.07994556429,3.7021951056640313e-16,4.442634126796837e-17
8624.46315956117,3.5769248581290607e-16,4.292309829754873e-17
8627.846373558059,3.342851605807449e-16,4.0114219269689385e-17
8631.22958755495,3.398924755110935e-16,4.078709706133122e-17
8634.61280155184,3.559910462093391e-16,4.2718925545120694e-17
8637.99601554872,3.345316783677163e-16,4.014380140412596e-17
8641.37922954561,3.168156629866578e-16,3.801787955839893e-17
8644.7624435425,3.344977828517143e-16,4.0139733942205715e-17
8648.14565753938,3.3812833152752293e-16,4.057539978330275e-17
8651.528871536271,3.4193667713130554e-16,4.103240125575666e-17
8654.912085533158,3.2891045730919187e-16,3.946925487710302e-17
8658.29529953005,3.3237538199799814e-16,3.9885045839759774e-17
8661.67851352693,3.436667017261612e-16,4.124000420713934e-17
8665.06172752382,3.3675150768669544e-16,4.041018092240345e-17
8668.44494152071,3.385417302643118e-16,4.062500763171742e-17
8671.82815551759,3.5021806547076295e-16,4.202616785649155e-17
8675.21136951448,3.408168948671697e-16,4.089802738406036e-17
8678.59458351137,3.299618284367681e-16,3.959541941241217e-17
8681.97779750826,3.5153222705400473e-16,4.218386724648057e-17
8685.36101150514,3.487676764093057e-16,4.1852121169116685e-17
8688.74422550203,3.4369732054648786e-16,4.124367846557854e-17
8692.127439498921,3.5624254123481727e-16,4.274910494817807e-17
8695.510653495809,3.541826545187623e-16,4.250191854225147e-17
8698.89386749269,3.314855305474729e-16,3.977826366569675e-17
8702.27708148958,3.3500735324885513e-16,4.020088238986261e-17
8705.66029548647,3.5713622074008727e-16,4.285634648881047e-17
8709.04350948335,3.531712829096136e-16,4.2380553949153633e-17
8712.426723480241,3.3531134694275036e-16,4.023736163313004e-17
8715.80993747713,3.1846481595285974e-16,3.8215777914343167e-17
8719.193151474019,3.20695200851461e-16,3.848342410217532e-17
8722.576365470899,3.16321968562775e-16,3.7958636227533e-17
8725.95957946779,3.2214677583350097e-16,3.8657613100020116e-17
8729.34279346468,3.3931147687174325e-16,4.071737722460919e-17
8732.726007461559,3.5319839813418455e-16,4.2383807776102145e-17
8736.10922145845,3.640610822096789e-16,4.368732986516147e-17
8739.49243545534,3.486177319721576e-16,4.183412783665891e-17
8742.87564945223,3.2018929536130077e-16,3.842271544335609e-17
8746.25886344911,3.2384130267333243e-16,3.886095632079989e-17
8749.642077446,3.2950615838956177e-16,3.954073900674741e-17
8753.025291442891,3.3193510804184486e-16,3.983221296502138e-17
8756.408505439771,3.1499960530455845e-16,3.779995263654701e-17
8759.791719436658,3.267330784684477e-16,3.920796941621372e-17
8763.174933433549,3.3869460660274694e-16,4.0643352792329634e-17
8766.55814743044,3.3447436093953264e-16,4.013692331274391e-17
8769.941361427329,3.2432616947425944e-16,3.8919140336911134e-17
8773.324575424209,3.107725352340959e-16,3.729270422809151e-17
8776.7077894211,3.129980701474663e-16,3.7559768417695954e-17
8780.09100341798,3.231718988892407e-16,3.878062786670888e-17
8783.47421741487,3.413317793746694e-16,4.0959813524960325e-17
8786.85743141176,3.3093939113169287e-16,3.971272693580314e-17
8790.24064540865,3.2797389385380534e-16,3.935686726245664e-17
8793.62385940553,3.273867420113372e-16,3.928640904136046e-17
8797.007073402421,3.1033763750407596e-16,3.724051650048911e-17
8800.390287399308,3.0986268066511356e-16,3.718352167981363e-17
8803.7735013962,3.1523452858811427e-16,3.7828143430573713e-17
8807.15671539308,3.0683167233345026e-16,3.681980068001403e-17
8810.53992938997,2.9750998993723594e-16,3.5701198792468314e-17
8813.923143386859,3.028478168656605e-16,3.634173802387926e-17
8817.30635738374,3.271596441850905e-16,3.925915730221086e-17
8820.68957138063,3.2629930966867746e-16,3.9155917160241293e-17
8824.07278537752,3.022738131047992e-16,3.62728575725759e-17
8827.45599937441,2.9711171593823946e-16,3.5653405912588735e-17
8830.8392133713,3.0588445626251364e-16,3.670613475150164e-17
8834.22242736818,3.1360128740373143e-16,3.763215448844777e-17
8837.605641365071,3.0972047733657237e-16,3.7166457280388685e-17
8840.98885536195,3.1710097863755876e-16,3.805211743650705e-17
8844.37206935884,3.183650690607843e-16,3.820380828729412e-17
8847.75528335573,2.8673838577182856e-16,3.4408606292619424e-17
8851.13849735262,2.8603184407331504e-16,3.4323821288797805e-17
8854.5217113495,2.902450325731576e-16,3.4829403908778915e-17
8857.90492534639,3.0524430566163447e-16,3.6629316679396136e-17
8861.28813934328,2.9623129063990286e-16,3.554775487678834e-17
8864.67135334017,2.770462421978032e-16,3.3245549063736384e-17
8868.054567337049,2.6881134918308388e-16,3.2257361901970063e-17
8871.43778133394,2.7552168606427944e-16,3.306260232771353e-17
8874.82099533083,2.861659434599681e-16,3.433991321519617e-17
8878.20420932771,2.8657201591238954e-16,3.4388641909486744e-17
8881.5874233246,2.7851563129825185e-16,3.342187575579022e-17
8884.97063732149,2.7322378592593406e-16,3.278685431111208e-17
8888.35385131838,2.624396204848366e-16,3.1492754458180395e-17
8891.73706531527,2.554024230661018e-16,3.064829076793221e-17
8895.12027931215,2.6562351838620957e-16,3.187482220634515e-17
8898.503493309041,2.405150508022615e-16,2.886180609627138e-17
8901.88670730593,2.2890626388505475e-16,2.746875166620657e-17
8905.269921302808,2.5202440311194e-16,3.02429283734328e-17
8908.653135299699,2.5581054750192483e-16,3.069726570023098e-17
8912.03634929659,2.456477695821499e-16,2.9477732349857985e-17
8915.41956329347,2.458745670351258e-16,2.95049480442151e-17
8918.802777290359,2.412409108883143e-16,2.8948909306597717e-17
8922.18599128725,2.3726251535443207e-16,2.8471501842531845e-17
8925.56920528414,2.4146120330582695e-16,2.897534439669923e-17
8928.95241928103,2.1488909337277805e-16,2.5786691204733365e-17
8932.33563327791,2.101745067055948e-16,2.5220940804671376e-17
8935.7188472748,2.261198515990111e-16,2.713438219188133e-17
8939.102061271691,2.3507944490215656e-16,2.820953338825879e-17
8942.485275268571,2.1201730048105562e-16,2.5442076057726675e-17
8945.868489265458,2.0102400218755848e-16,2.4122880262507016e-17
8949.25170326235,2.169914895844666e-16,2.603897875013599e-17
8952.63491725924,1.886511849917584e-16,2.2638142199011007e-17
8956.01813125612,1.9649354353455468e-16,2.3579225224146562e-17
8959.401345253009,2.0678387871000063e-16,2.4814065445200075e-17
8962.7845592499,2.0202671685505996e-16,2.4243206022607195e-17
8966.16777324678,1.9107416153326958e-16,2.292889938399235e-17
8969.55098724367,1.9406696507878578e-16,2.3288035809454293e-17
8972.93420124056,1.850265611695947e-16,2.2203187340351364e-17
8976.31741523744,1.7581885289229666e-16,2.10982623470756e-17
8979.70062923433,1.8765066481335884e-16,2.2518079777603062e-17
8983.083843231221,1.9037987890027189e-16,2.2845585468032624e-17
8986.467057228108,1.7509806287541553e-16,2.1011767545049862e-17
8989.85027122499,1.8134179569663922e-16,2.1761015483596705e-17
8993.23348522188,1.8119067763805876e-16,2.174288131656705e-17
8996.61669921877,1.785727051256661e-16,2.142872461507993e-17
8999.999913215659,1.8604730139808135e-16,2.232567616776976e-17
