Real mean is at 7667.788688786394
Velocity is -4136.7708506857525 km/s
Results of walkers:
Real mu's: [7673.58337865 7672.83630485 7663.91666286 7612.18050101 7683.72683299
 7667.57291155 7685.66555426 7676.50390955 7669.58754161 7681.34486154
 7669.52052583 7664.66697232 7664.62220501 7675.2227366  7667.48201152
 7667.03177738 7668.77308292 7652.88250287 7612.46195143 7665.89773445
 7663.59759024 7666.49148444 7675.27662533 7689.07644044 7612.41654183
 7673.7491692  7697.32241826 7682.79079725 7687.97476694 7665.52952282
 7668.94784655 7690.58487866]
Real sigma's: [57.10548246 55.54828957 55.78172969  1.70837999 49.92778954 53.4873334
 51.55591827 52.11979149 57.36399554 51.40244841 53.58408506 49.17035817
 49.55711768 53.46505978 52.35920104 49.56177899 56.73689817 49.5966633
  1.75345758 53.28851723 58.08501471 55.50790014 52.13240898 46.04832862
  1.74862689 56.74465434 52.26381779 51.46248678 51.17302754 53.84703958
 52.74403125 52.42480103]