Real mean is at 7680.010786188723
Velocity is -3665.178667959253 km/s
Results of walkers:
Real mu's: [7682.57990064 7682.21861959 7675.91693536 7683.8197592  7680.80752777
 7682.60428175 7680.74356538 7675.45646075 7677.44669097 7678.16420959
 7679.76567484 7678.49992893 7680.6979383  7674.17491581 7675.90090347
 7682.03643152 7679.23756855 7682.19666793 7681.16463393 7682.37907255
 7681.37843814 7680.22490276 7682.20598821 7682.38341654 7681.27925935
 7680.53148479 7679.56810951 7678.81826668 7678.34861532 7680.94152403
 7678.26252034 7680.59094553]
Real sigma's: [65.14868772 64.80157899 62.83982197 62.84392824 64.41917194 63.89545945
 62.52433055 62.64946574 60.990269   63.73296004 61.64297928 63.12163913
 62.19905728 64.08335778 63.55809602 64.0179979  62.25497726 62.35882598
 62.11633843 65.1063723  63.53678642 64.2420505  65.93879511 62.51629758
 63.93864206 65.04675883 63.8925401  62.39565909 63.87783732 63.74088927
 62.78837098 62.62359207]