Real mean is at 7680.216421231486
Velocity is -3657.244196855862 km/s
Results of walkers:
Real mu's: [7680.33189503 7676.52571597 7678.61123453 7684.25061922 7678.30321606
 7680.20952683 7683.30887841 7683.64351958 7678.18947676 7677.00676033
 7680.24497439 7681.81944192 7679.68317887 7682.82482793 7677.2660888
 7683.89743529 7682.77494346 7678.35315618 7682.06963858 7680.36167779
 7682.22426598 7681.55025886 7676.99803028 7679.44665045 7679.41828218
 7680.63900926 7678.61014429 7683.20919387 7678.25454978 7677.75438381
 7677.89718447 7681.24732027]
Real sigma's: [65.40890218 65.14380576 64.92826659 66.0718346  65.02496734 65.90586851
 62.84649963 64.72006401 64.67332719 63.94314014 65.31308358 66.92933368
 63.22752241 64.43147142 64.49426794 64.94150619 64.64410129 65.83112125
 62.56248672 65.50442591 63.90994488 65.88492536 66.80587169 61.94400336
 66.60925858 67.73715667 64.34971447 64.40409693 63.95929127 63.82218347
 63.25082553 66.22244931]