Real mean is at 7679.193683797788
Velocity is -3696.7067344904854 km/s
Results of walkers:
Real mu's: [7678.11998306 7680.12623471 7682.24163867 7677.82668025 7676.88526972
 7676.86731364 7680.3303961  7681.11629432 7680.80050334 7679.52632509
 7679.98811995 7677.82274384 7679.04288853 7680.24680257 7679.22003684
 7678.67220546 7677.60816598 7677.95616757 7680.83876719 7678.00043483
 7678.2717154  7679.18866596 7677.86441266 7681.66483214 7678.61615482
 7680.44583447 7677.81708873 7680.56369807 7680.55465198 7679.18075272
 7678.62257203 7678.1705309 ]
Real sigma's: [59.5552886  58.8781616  59.85357942 57.69832243 58.54588389 58.50053763
 59.54215915 57.98133765 59.04822259 58.93976929 59.50069339 58.2556089
 59.88451106 59.17531796 59.17387472 59.90252867 57.43448763 59.13132367
 59.56957655 59.98550038 59.09198521 58.30374379 58.91455189 59.21147197
 58.49531529 58.26195859 58.53134741 58.91279502 60.16571634 60.58351143
 59.19873168 59.69362248]