Real mean is at 7680.568505370569
Velocity is -3643.658956762601 km/s
Results of walkers:
Real mu's: [7682.41132374 7680.99550698 7677.4182808  7682.36940396 7683.24154342
 7678.64929438 7681.43289852 7680.2518488  7678.87785859 7678.73925515
 7679.07985478 7678.47682926 7681.7974024  7679.03148221 7679.99286016
 7678.71970163 7679.60409159 7679.63752704 7679.24574464 7681.7739783
 7682.89970679 7677.86046415 7682.81451074 7680.53938275 7682.97250204
 7682.21100101 7681.30616081 7679.72849022 7683.28226309 7682.04795553
 7679.37925875 7681.40378962]
Real sigma's: [57.45165807 57.43846588 57.91012706 59.01978418 57.7642505  57.72470666
 57.81458344 57.62666946 57.68247975 58.25651557 58.23278553 58.31074152
 56.85855062 57.18331406 57.17172178 57.49898521 57.34509812 58.58979098
 57.77434418 58.44129144 58.32393309 57.75069058 58.83975253 57.935951
 57.49707531 58.26014857 57.98931111 57.75652924 57.67734758 59.10329288
 57.92670752 56.75689505]