Real mean is at 7680.238860918114
Velocity is -3656.378356857323 km/s
Results of walkers:
Real mu's: [7679.11031041 7679.4494019  7682.69403471 7681.18942346 7680.23928385
 7678.41557465 7679.49612757 7681.69566487 7679.30938837 7679.27364805
 7679.61595921 7679.70047357 7681.42066984 7679.71741405 7678.60079143
 7680.27627853 7680.19695702 7682.08514959 7682.11399264 7678.92142967
 7678.87630133 7679.47276045 7681.31033141 7682.86417396 7679.1995215
 7678.73717641 7682.60172629 7680.75973094 7680.59496131 7681.44816322
 7679.28573545 7678.97099373]
Real sigma's: [62.92114991 61.89842706 62.9777272  61.46577948 61.61003873 62.14406006
 61.83328779 61.76024819 62.47547382 61.93814011 62.2388813  62.5036981
 61.95647171 61.84603183 62.26513739 61.98085943 61.04351705 61.17353554
 62.33085712 62.24937634 62.06685322 61.8148739  62.45585472 61.74316568
 62.48406534 63.02174255 60.63906232 62.144933   62.05168336 62.26730942
 61.85811647 62.39089817]