Real mean is at 7647.473735669064
Velocity is -4920.627562608467 km/s
Results of walkers:
Real mu's: [7647.26304505 7647.41829196 7647.6616065  7647.41038549 7647.81626748
 7647.7684026  7647.70663009 7647.56466408 7647.77913832 7647.44100495
 7647.96309129 7647.67194811 7647.21876102 7647.6921691  7647.33513261
 7647.36112069 7647.11839701 7647.66338078 7647.2433191  7647.90913974
 7647.70677707 7647.29247523 7647.02662077 7647.36500868 7647.12237862
 7647.43425184 7647.51508465 7647.46255652 7647.10310916 7647.10902376
 7647.56587381 7647.45048534]
Real sigma's: [13.00902036 12.56616281 13.27842317 12.38968244 12.75698667 12.56136179
 12.60531534 12.58385569 12.80375062 12.56358366 12.81511117 12.60830215
 12.88340577 12.70594274 12.63377635 12.39352653 12.2291787  12.8840786
 12.8175203  12.80424524 12.53591626 12.59890862 12.43353334 12.72372875
 12.30460274 12.58979856 12.38129502 12.76816731 12.61972496 12.73842114
 12.36301724 12.74807285]