Real mean is at 7679.902675698479
Velocity is -3669.3501338207625 km/s
Results of walkers:
Real mu's: [7675.84029514 7678.13530548 7680.33786266 7679.83947305 7677.01192063
 7679.82698187 7678.98143897 7680.72639474 7678.98012517 7678.12073786
 7679.33787948 7682.6723348  7681.2451533  7680.67396618 7678.63623887
 7683.8287992  7682.7510735  7676.66405299 7680.39987784 7681.11260591
 7673.22010032 7676.54447242 7682.52991846 7682.4251614  7683.2553806
 7680.18953371 7678.65421583 7679.85043329 7678.44511442 7680.14193334
 7683.40439477 7683.10244617]
Real sigma's: [63.82082893 62.01688396 61.62332763 60.43053932 62.97350868 62.41853083
 61.83921815 63.32507953 63.49554763 61.27905332 63.63204669 62.02179941
 61.81463051 62.0145583  62.60709034 63.75799532 61.63792742 62.48889276
 62.25792785 63.08131561 62.01440423 61.16578668 63.94297221 63.50163856
 63.95329683 63.05419099 62.82401355 63.23414504 63.39621794 63.18013734
 64.0112632  62.16396237]