Real mean is at 7680.500150927507
Velocity is -3646.296427234453 km/s
Results of walkers:
Real mu's: [7673.74557413 7678.92531456 7675.79368773 7681.29488844 7680.45794772
 7688.34818377 7679.99363264 7679.83344393 7684.7108064  7680.88866388
 7682.76784827 7675.59803452 7678.06814687 7683.13312816 7678.92743661
 7682.58378135 7684.46149633 7675.45061071 7681.26515563 7683.74090358
 7682.30256864 7685.02951016 7681.69500865 7677.76965228 7682.3258477
 7686.84118792 7680.77538903 7679.81028384 7676.83701693 7678.7113808
 7673.98338419 7679.9349143 ]
Real sigma's: [64.6327768  65.38444733 65.01325314 63.73597115 62.93053708 65.93487956
 66.72164496 64.07563611 66.93458113 65.83627036 65.53880368 69.34664291
 64.87411783 63.94768686 66.49588792 65.4209016  66.21987958 65.01372977
 65.98611095 65.36508046 66.84905837 66.09764525 65.87629584 63.93493591
 64.38149058 64.16159075 62.09528149 65.43854673 63.15233803 65.60490745
 64.51313043 64.5145534 ]