Real mean is at 7707.031080017604
Velocity is -2622.594983243578 km/s
Results of walkers:
Real mu's: [7707.45827529 7707.29533088 7707.20881931 7707.07964714 7707.28803541
 7706.67576099 7706.43491628 7706.91138365 7706.94266215 7706.69458388
 7706.9005519  7706.7864359  7707.72730568 7707.56065007 7706.77223489
 7707.15589841 7706.39509383 7706.34253617 7707.07578129 7706.51469316
 7707.02768903 7707.35491283 7707.7303312  7707.07998979 7707.50666837
 7707.29937431 7706.95321742 7706.22339363 7707.47490145 7706.96517349
 7706.77324341 7707.38506937]
Real sigma's: [14.88854515 14.92254328 14.77490764 14.95735133 14.78446358 14.83744675
 15.20137437 14.88361242 14.68543458 14.72603935 14.887884   14.51944475
 14.72632636 14.88346048 14.88569395 14.96971389 15.4184876  14.48391638
 14.51618469 14.7641551  14.60362174 14.84376329 15.13990812 15.40164265
 15.14295358 15.29983396 14.63852136 14.58202201 15.04192824 14.96377219
 14.25576943 14.8499396 ]